nails 150
imagesize 200
populationsize 100
elite 20
genomesize 2300
mutation 0.001350
minchunk 0.200000
maxchunk 0.500000
iterations 20000
stableiterations 10
goodgenerations 150
burst 0.000100
threshold 0.030000
ring_diameter 2000.000000
thread_diameter 0.050000
save_every 1000
history_step 100
---
2300 110 59 8 113 57 149 90 53 3 117 2 80 14 120 39 140 44 133 98 48 145 45 0 73 138 107 140 83 0 94 55 122 98 124 92 148 67 140 101 74 119 102 114 2 7 95 9 116 67 134 31 79 32 74 128 77 28 65 123 17 77 144 109 133 96 47 132 57 138 70 19 128 35 79 132 82 42 83 41 145 110 141 68 133 66 121 28 3 47 88 35 121 74 118 7 99 51 88 42 138 83 5 118 13 44 7 117 84 141 27 142 75 129 74 20 106 20 134 61 133 50 90 5 84 46 77 112 58 88 40 143 124 76 28 108 70 90 56 40 133 59 90 108 60 104 136 24 51 141 87 45 91 135 68 113 55 104 51 120 15 18 70 126 57 146 89 123 99 132 60 125 89 46 98 53 104 140 47 137 52 10 51 107 60 115 77 143 71 43 94 52 109 67 95 85 79 108 137 24 108 77 55 128 59 115 58 106 1 33 18 41 86 45 82 146 110 57 105 42 134 60 122 14 88 1 113 78 146 85 115 143 88 144 111 148 31 71 137 100 107 67 17 125 18 14 21 103 141 45 102 40 142 85 143 75 44 135 80 59 111 70 95 2 100 64 112 63 145 90 124 17 58 124 28 101 65 133 52 103 62 16 57 85 0 61 114 64 139 84 9 60 111 0 93 45 90 43 8 115 57 97 123 21 52 116 3 95 14 72 119 79 125 81 114 65 120 93 4 54 102 137 42 86 114 147 48 11 64 111 149 84 111 65 13 74 48 91 12 59 103 137 75 3 67 108 51 135 111 3 48 102 140 105 69 3 42 132 63 99 56 92 43 141 93 54 89 12 50 120 16 93 125 72 19 41 134 47 143 57 136 56 91 149 64 10 116 5 113 56 145 40 137 39 78 118 64 97 127 21 132 22 54 146 53 131 75 108 145 52 134 62 101 136 100 111 53 101 148 99 54 103 49 97 53 108 56 27 107 145 66 15 122 16 49 91 5 95 63 29 140 82 139 52 27 6 70 105 51 83 45 143 76 146 62 21 133 80 31 78 48 77 113 67 124 9 120 1 79 36 84 25 143 104 56 122 27 58 105 45 130 75 29 129 28 109 66 29 19 33 138 100 43 135 66 149 81 141 75 110 27 72 25 142 71 126 72 104 71 131 63 18 96 10 113 3 40 93 123 27 59 102 19 129 21 102 51 85 117 6 113 58 11 89 41 69 106 61 124 15 119 16 94 132 39 146 79 54 97 133 42 100 23 97 51 48 106 67 105 136 42 111 76 110 54 6 120 44 97 8 90 129 39 85 45 54 148 70 31 61 27 99 137 82 123 11 69 23 103 43 85 52 112 3 94 129 101 58 15 69 66 21 101 19 51 146 98 56 86 134 108 139 42 4 95 54 88 65 86 1 116 39 87 40 139 99 6 67 39 143 25 78 112 8 57 135 72 99 16 65 147 47 109 71 121 9 111 73 128 42 147 110 67 27 148 91 1 95 56 7 119 12 69 102 135 49 106 96 125 82 50 93 122 30 79 113 70 32 69 135 62 25 141 61 109 80 47 148 81 32 53 120 80 41 105 52 147 30 74 2 83 47 84 40 60 116 30 148 114 10 62 108 54 31 76 131 57 102 61 142 102 58 131 20 129 68 4 45 89 59 95 24 140 74 137 38 86 50 41 128 96 50 95 128 29 122 66 108 138 96 23 106 9 62 96 15 121 37 84 44 132 90 148 42 131 77 149 101 48 94 135 23 61 29 64 120 5 119 33 75 121 22 139 41 100 18 60 126 91 0 113 53 84 42 89 94 60 101 50 143 49 11 66 41 90 142 109 135 79 19 104 20 131 52 102 20 71 127 40 106 145 60 91 3 107 66 134 23 135 50 97 60 4 82 55 115 72 105 66 99 131 68 125 84 148 62 3 60 109 23 107 59 124 94 18 75 24 130 97 20 91 58 8 117 79 136 39 130 114 0 115 10 92 59 116 11 120 67 98 64 101 2 47 94 37 124 29 116 83 124 57 101 133 63 10 47 0 44 96 56 129 60 96 5 55 140 65 36 85 2 50 1 63 139 91 27 121 68 134 22 109 13 119 21 140 37 73 7 86 118 14 119 75 144 44 87 43 81 140 84 43 1 57 18 79 46 85 6 36 20 32 120 13 92 21 50 99 48 80 118 70 125 91 13 117 140 72 97 146 48 100 132 70 123 92 120 54 1 105 64 9 112 75 37 90 146 52 91 47 95 87 125 7 43 136 38 145 65 106 140 54 118 73 129 108 145 87 51 20 128 30 114 4 106 57 78 35 98 132 76 130 20 137 69 101 52 81 46 94 51 33 23 137 22 138 79 143 38 83 87 93 149 19 128 64 1 94 20 93 42 24 138 98 49 82 115 74 18 128 17 127 4 113 126 113 9 53 77 142 49 102 64 116 57 91 59 126 95 15 118 77 145 109 54 101 49 90 127 52 90 131 69 107 88 120 66 108 65 144 79 9 47 74 34 123 78 136 93 53 123 48 1 60 98 18 140 83 40 62 100 16 91 42 2 35 68 110 21 130 19 126 23 134 49 117 10 134 136 114 72 138 54 137 48 57 38 90 60 88 148 56 2 118 82 138 2 90 39 128 38 78 120 77 40 68 107 24 139 103 57 84 138 95 60 27 108 144 109 55 102 46 140 66 148 85 9 119 34 76 47 96 21 74 138 104 32 96 132 54 100 71 144 77 110 28 123 13 117 2 97 3 93 48 84 130 57 89 132 66 25 105 60 25 140 110 144 57 107 53 103 68 140 96 3 115 11 113 143 55 145 78 51 118 0 92 127 37 69 4 52 121 67 96 4 117 62 133 78 109 147 41 138 27 0 9 48 83 59 123 32 86 11 47 29 74 38 99 1 92 48 86 36 124 50 89 112 65 6 56 134 48 118 59 96 116 45 131 43 112 145 79 49 95 46 83 6 84 124 35 95 57 114 6 45 10 120 15 86 115 61 111 63 101 137 70 25 144 22 135 41 91 50 83 39 88 69 110 46 80 58 0 110 149 39 84 123 30 66 35 35 72 103 88 5 75 19 127 74 146 40 130 72 132 64 133 22 62 115 30 56 11 117 60 141 83 33 63 16 148 26 69 36 108 5 104 30 63 106 45 79 40 5 103 63 121 8 85 31 111 26 96 52 97 6 46 1 110 86 144 74 103 58 135 99 49 144 40 100 131 101 20 135 63 4 94 65 134 104 132 55 136 86 53 135 82 37 72 39 134 50 0 80 113 44 145 88 43 91 142 47 87 117 57 11 51 116 7 108 61 93 23 94 44 78 32 141 109 138 80 119 61 99 52 119 93 46 87 48 130 83 118 65 97 132 40 118 44 85 22 127 94 58 136 102 47 52 107 58 8 86 55 14 126 90 67 103 22 64 145 80 137 92 49 83 36 130 62 14 36 77 132 58 31 63 110 66 80 96 107 141 74 110 53 95 48 73 30 72 24 39 144 78 139 44 89 1 115 31 114 3 92 47 81 137 83 37 64 23 108 64 110 70 136 80 111 51 112 73 130 87 47 131 19 68 124 4 81 29 56 137 78 19 103 9 118 10 61 149 108 73 127 89 40 72 106 60 142 63 130 21 48 113 31 67 119 44 93 131 73 26 123 16 51 5 112 45 94 34 62 92 141 42 85 56 121 14 66 97 56 119 84 33 17 32 106 144 112 148 113 146 106 33 65 121 13 66 100 55 141 69 28 48 133 47 139 72 110 48 90 61 16 92 20 122 64 137 55 88 13 69 39 139 124 123 69 136 71 12 117 88 12 54 119 10 101 76 145 47 79 73 53 102 7 52 86 142 108 147 78 36 135 107 70 5 58 28 51 93 47 90 12 118 1 117 54 149 114 143 84 116 61 127 30 64 86 46 135 67 78 107 129 107 5 73 140 78 49 149 82 36 98 62 131 40 117 72 47 101 134 21 76 33 66 2 96 8 91 40 82 131 13 57 112 66 19 74 45 113 147 59 112 67 138 40 85 7 45 92 17 61 22 99 127 15 119 86 34 64 123 33 79 147 81 138 115 12 120 69 112 60 15 88 45 142 106 68 109 70 15 64 95 19 130 41 81 2 71 42 81 39 133 23 55 81 97 120 79 111 62 30 69 124 89 9 115 2 43 96 49 116 8 48 97 55 93 134 40 110 71 106 136 54 107 142 83 73 145 49 10 60 14 67 41 84 7 93 58 118 91 64 89 3 44 5 43 82 136 64 140 112 50 10 106 46 88 41 78 134 100 6 98 47 5 98 55 147 80 37 85 48 144 87 56 114 60 32 124 33 69 122 13 93 2 125 14 90 147 76 109 148 37 134 35 133 77 6 53 83 139 104 57 28 68 123 23 136 105 135 45 95 22 97 47 111 75 17 69 109 132 75 133 56 103 144 76 104 59 41 85 38 134 105 76 55 59 149 44 141 62 15 98 63 14 30 61 110 73 47 85 141 108 55 105 147 64 99 39 127 87 15 57 31 59 15 136 45 138 39 82 48 103 61 73 95 18 99 62 87 142 50 98 65 12 29 62 28 53 138 62 112 72 142 84 38 131 96 48 115 146 87 12 121 16 52 6 39 91 147 54 27 57 83 44 131 19 90 149 117 63 105 80 114 62 106 59 105 149 24 144 73 102 131 74 130 70 114 9 55 131 46 90 44 91 54 20 117 76 40 90 51 86 143 109 128 11 88 62 43 6 55 106 148 60 29 123 54 143 105 61 101 55 7 149 143 44 81 108 82 56 15 100 50 94 17 91 38 68 24 131 64 125 9 96 51 95 123 87 42 78 27 37 78 115 71 139 25 123 66 40 81 139 76 26 121 60 103 47 71 16 59 108 72 38 147 89 17 99 47 141 22 132 67 122 68 119 65 29 57 140 51 114 59 90 13 94 12 125 83 117 55 28 67 139 106 71 124 70 146 45 120 90 148 96 66 34 73 139 107 71 135 16 68 30 65 125 18 126 69 31 105 141 73 140 79 133 21 131 70 16 64 60 87 143 111 146 75 113 46 143 23 40 0 90 122 65 113 32 85 120 36 146 107 65 15 94 0 100 53 95 43 83 112 71 130 11 114 1 112 147 50 115 80 131 19 64 121 85 54 98 51 142 78 117 9 86 40 140 80 44 138 24 145 21 61 28 52 77 30 59 14 61 104 52 138 47 86 44 105 73 38
3630.243829 meters