nails 150
imagesize 200
populationsize 100
elite 20
genomesize 2200
mutation 0.001350
minchunk 0.200000
maxchunk 0.500000
iterations 15000
stableiterations 10
goodgenerations 150
burst 0.000100
threshold 0.030000
ring_diameter 200.000000
thread_diameter 0.050000
save_every 1000
history_step 100
---
2200 60 117 136 139 100 13 65 147 60 95 40 108 28 74 143 109 54 90 128 22 101 6 37 82 142 72 104 144 76 123 89 33 110 142 58 11 87 44 131 94 47 79 39 93 128 54 93 28 63 25 63 37 85 21 93 5 120 42 8 94 49 84 36 75 43 2 105 56 99 61 0 43 16 41 143 33 81 142 93 51 104 73 26 131 30 146 53 107 141 45 3 121 73 120 72 55 108 56 141 101 137 66 124 90 6 46 84 3 58 104 0 80 132 64 125 18 82 120 84 145 85 124 78 8 120 11 89 34 109 30 69 124 82 132 41 112 54 22 53 143 48 79 145 31 88 45 31 110 8 98 22 103 2 36 4 49 11 101 16 49 92 3 31 10 99 38 1 88 35 72 134 97 146 87 20 95 131 28 101 26 133 97 136 55 21 87 34 129 93 48 80 39 92 33 87 129 53 109 5 117 76 31 144 77 138 92 0 67 27 122 69 138 42 94 4 46 78 138 30 84 40 146 59 132 69 141 55 104 31 87 39 147 112 5 88 135 82 127 23 50 29 103 30 68 26 44 38 77 142 49 123 68 119 65 146 94 43 132 44 124 21 125 14 89 148 112 146 85 128 23 54 97 51 89 130 22 52 6 75 134 41 133 92 44 129 82 20 81 9 64 27 144 35 136 83 31 105 69 37 115 60 127 81 3 59 27 143 36 139 79 10 48 78 115 65 120 87 5 55 102 137 40 85 113 146 0 90 62 113 148 84 111 62 12 73 40 93 6 59 102 138 79 2 68 110 47 134 83 23 130 40 79 102 53 103 66 29 114 33 135 64 100 63 135 87 13 125 129 38 133 75 22 118 63 94 65 24 85 30 110 29 128 82 39 7 95 8 63 120 69 19 48 83 133 68 94 51 19 81 57 79 132 47 144 92 130 26 134 65 31 146 32 69 24 130 149 70 37 66 118 41 95 47 91 149 94 15 44 81 38 132 9 66 122 85 126 90 57 110 44 76 45 5 72 144 55 129 22 8 73 19 74 35 145 110 53 108 24 96 47 29 9 54 130 28 68 12 120 37 78 28 61 25 64 111 28 142 103 38 82 43 89 128 86 38 87 127 79 1 99 51 79 121 13 85 120 10 82 143 30 74 108 43 81 28 138 33 73 128 61 86 43 148 86 12 90 130 70 120 45 11 80 139 102 38 119 9 63 146 54 24 128 95 50 85 47 81 36 116 78 119 60 25 62 117 40 88 33 105 68 141 80 33 144 49 98 67 116 62 91 130 57 105 55 107 36 78 149 113 142 26 60 11 67 1 91 35 66 28 83 25 132 60 1 113 15 45 104 138 47 98 9 60 24 107 149 90 140 26 90 14 66 10 59 105 66 117 63 116 79 134 67 137 78 130 21 76 125 91 127 74 42 32 95 4 41 81 10 83 38 51 145 76 146 106 57 92 55 86 54 142 73 34 130 60 101 138 43 18 79 122 3 86 23 130 53 106 56 143 72 143 62 26 109 46 87 40 7 85 34 111 61 22 126 81 143 110 24 129 28 140 25 104 25 134 40 86 10 67 97 50 89 4 117 1 92 66 97 16 122 13 145 2 34 129 11 134 44 141 72 12 60 118 9 58 91 27 130 25 131 15 88 39 85 54 20 102 7 51 135 62 7 61 149 104 23 60 89 149 71 119 39 141 17 92 125 73 37 141 70 3 85 57 61 24 79 120 66 30 76 119 33 69 3 43 130 87 35 114 68 33 95 56 110 12 132 94 52 86 36 74 6 39 75 32 132 147 32 77 119 75 128 82 144 78 129 35 119 23 103 20 83 13 80 40 81 39 103 135 95 18 123 85 121 57 104 52 101 25 138 87 147 38 59 96 130 81 72 14 74 120 71 11 98 140 95 148 87 42 131 47 3 19 7 36 136 77 141 95 138 96 147 30 67 34 96 5 97 52 99 60 102 142 91 36 103 8 54 7 35 96 131 27 134 48 133 31 68 103 4 42 139 109 28 115 4 104 53 7 50 135 52 19 72 105 148 78 17 112 16 92 43 80 135 100 135 54 25 134 60 114 67 118 75 137 68 27 24 103 56 85 5 35 6 134 102 65 30 82 47 83 55 3 98 2 81 129 18 113 26 59 103 26 141 86 53 111 38 84 20 47 140 29 129 2 80 129 27 111 65 23 126 80 51 96 64 112 69 13 63 136 74 135 18 124 135 34 137 62 136 88 20 114 0 60 88 14 63 101 61 119 83 111 3 83 39 5 103 40 9 39 56 112 57 109 52 145 82 32 141 67 111 54 4 85 147 48 90 136 89 137 36 99 31 71 21 80 127 22 125 16 102 57 20 71 14 130 12 106 25 136 61 117 67 101 10 130 94 50 22 56 146 64 14 62 106 11 88 38 80 144 59 145 137 26 93 60 21 125 22 102 45 135 49 81 131 25 65 113 58 94 7 111 29 70 119 72 138 103 145 111 6 28 123 69 142 31 118 69 135 90 123 79 46 93 59 131 82 111 12 122 67 92 61 134 94 55 19 76 33 98 20 45 90 41 76 136 81 1 51 128 6 131 31 137 76 49 95 55 90 127 76 26 112 30 135 27 97 59 99 66 31 113 64 136 27 70 131 29 66 32 83 0 65 126 50 88 54 13 77 120 73 35 76 121 65 117 59 24 104 37 86 51 103 65 135 98 52 116 80 10 84 6 88 133 91 40 83 36 141 71 142 67 29 127 77 137 77 121 8 96 23 128 32 101 139 35 85 38 135 84 52 147 46 21 43 10 98 21 127 86 19 71 137 24 131 71 113 83 5 68 129 69 4 50 90 32 149 97 8 122 84 114 76 4 83 149 106 26 144 37 72 131 23 129 26 64 2 116 21 62 0 64 16 124 15 134 100 68 11 78 31 129 67 90 133 61 100 70 5 86 55 88 12 121 14 131 77 116 56 104 32 103 21 70 6 69 147 54 83 53 105 58 103 67 148 31 128 22 131 40 102 58 87 64 118 6 36 133 98 131 35 111 56 90 33 130 25 118 59 114 1 66 2 35 140 70 34 66 146 84 4 96 22 78 20 131 43 133 37 81 119 66 116 60 13 61 104 43 91 141 73 36 58 100 52 103 7 35 75 115 47 5 87 133 95 64 53 34 91 31 69 15 46 91 45 147 95 132 29 141 54 129 36 121 54 95 34 136 101 58 112 67 32 148 64 149 77 145 36 77 41 6 85 139 65 26 108 57 29 61 81 35 83 37 76 126 12 69 103 67 136 24 129 30 98 7 86 48 89 47 87 2 44 149 118 61 14 65 1 35 89 33 70 121 67 28 139 77 45 140 19 79 25 135 75 31 125 74 144 96 19 75 147 64 29 69 131 34 105 35 78 39 148 85 22 106 0 71 13 99 9 65 118 147 86 22 136 84 13 73 106 71 148 70 125 72 118 4 88 134 74 36 149 87 54 21 96 20 128 87 26 132 55 140 67 105 147 86 59 112 15 50 39 104 142 74 32 58 107 32 0 63 119 76 108 141 110 60 105 23 107 28 99 62 96 6 61 139 92 79 72 113 12 54 116 73 23 61 96 60 14 111 5 84 41 83 108 139 78 122 83 144 39 77 119 82 52 106 60 131 92 34 68 36 71 5 59 100 23 48 140 80 145 33 137 74 141 109 61 12 70 32 94 6 60 126 21 48 4 86 130 62 108 73 17 128 80 58 110 55 20 127 22 104 65 28 84 27 66 100 132 93 130 87 17 127 72 13 36 146 86 46 103 11 121 74 107 63 24 78 0 31 24 94 140 53 109 55 8 77 143 78 121 68 21 101 23 37 88 22 62 30 78 9 129 25 57 125 72 106 27 141 92 146 82 130 38 142 68 32 115 3 36 87 6 54 94 87 126 18 76 120 76 69 64 119 21 109 65 95 51 146 45 95 132 98 64 143 73 123 70 28 98 13 112 60 145 61 114 32 89 129 24 67 123 7 121 84 138 80 131 55 1 80 37 90 129 86 114 77 148 53 128 24 70 11 59 104 69 124 21 59 130 32 127 18 71 4 93 2 48 82 29 71 121 148 60 133 93 3 68 146 79 30 144 75 14 77 126 78 136 17 125 80 63 78 52 96 58 99 57 2 81 12 71 143 50 63 84 144 73 124 74 134 62 24 57 104 11 122 17 49 134 18 86 49 89 75 91 24 58 108 23 140 66 147 113 30 102 149 88 30 72 32 71 126 17 124 70 13 74 41 94 142 64 103 133 81 127 16 63 79 140 34 141 28 135 24 102 21 129 61 94 133 24 130 77 15 95 130 88 129 70 115 30 130 56 86 2 115 57 103 27 138 38 90 134 101 62 103 52 110 16 133 35 130 71 118 10 119 146 114 15 86 31 107 136 60 113 25 102 35 74 7 56 107 62 122 77 18 128 25 98 62 1 42 81 144 29 68 17 53 103 0 91 139 55 91 29 140 85 144 109 137 103 16 105 4 57 116 74 33 129 95 19 77 135 94 62 95 44 7 97 56 104 70 122 14 73 30 70 36 142 70 31 34 74 128 62 100 25 110 9 95 137 97 49 133 44 106 15 123 17 42 7 119 145 83 3 82 2 40 109 10 44 80 149 62 28 110 56 131 91 61 113 29 130 145 45 82 56 91 128 81 0 35 80 18 67 26 136 99 47 86 20 42 23 87 55 99 29 94 56 100 10 124 89 130 55 27 52 105 73 5 46 138 66 139 29 72 33 133 21 86 126 20 124 14 95 139 64 8 117 54 76 116 61 100 11 84 42 132 27 30 142 95 36 69 100 57 21 82 1 64 120 80 20 85 48 5 118 70 107 60 139 67 115 20 125 75 26 134 24 77 41 116 4 121 72 102 13 82 12 104 66 26 97 58 4 114 28 75 127 64 106 137 28 140 33 132 65 100 55 97 132 102 3 94 5 43 90 44 91 15 122 71 144 50 99 68 88 3 34 139 76 42 147 40
3566.869946 meters