file sh-6.jpg
nails 150
imagesize 200
populationsize 100
elite 20
genomesize 2200
mutation 0.001350
minchunk 0.200000
maxchunk 0.500000
iterations 15000
stableiterations 10
goodgenerations 150
burst 0.000100
threshold 0.030000
ring_diameter 2000.000000
thread_diameter 0.100000
save_every 1000
history_step 100
---
2200 48 141 62 92 33 118 58 103 5 60 107 53 95 65 14 63 103 74 45 88 143 55 19 122 71 36 100 58 131 66 113 79 143 97 63 138 70 42 69 17 96 13 86 10 101 55 6 54 141 27 65 103 69 64 93 136 101 139 64 34 92 19 126 17 121 27 123 77 122 96 135 76 10 98 41 2 24 133 95 50 91 48 128 41 105 18 63 15 65 108 6 68 36 97 60 91 14 122 5 48 17 124 63 140 89 146 108 9 119 92 90 70 124 35 114 142 101 138 39 137 15 59 105 52 133 87 115 20 77 44 81 49 84 9 62 122 8 54 109 12 54 90 49 92 144 107 55 136 83 48 76 109 64 0 79 19 88 39 123 63 19 137 57 92 136 42 3 0 31 92 50 5 14 121 38 127 63 106 44 127 65 11 53 7 49 87 51 131 21 93 56 101 64 28 140 27 83 127 19 131 96 51 76 135 38 94 31 78 122 90 132 47 131 69 41 133 80 122 6 81 116 68 119 1 16 143 98 146 65 24 76 23 51 90 47 87 5 54 97 34 122 16 127 97 137 79 129 48 96 61 24 141 93 53 91 121 62 26 94 50 76 132 93 49 3 52 136 25 92 41 110 7 120 68 117 59 96 2 46 85 17 18 98 3 115 80 3 149 29 136 87 119 82 28 75 92 60 101 70 137 22 66 40 59 100 1 84 133 40 126 84 13 114 70 120 6 79 127 86 46 83 49 130 50 96 148 113 33 141 68 138 26 81 109 40 4 79 32 138 78 12 57 106 66 22 133 83 117 82 58 123 42 75 2 78 134 66 92 55 102 41 79 47 141 78 120 9 31 77 102 63 134 22 94 133 49 75 1 108 136 98 57 134 33 96 32 135 51 111 70 110 146 82 121 25 143 81 144 29 76 133 46 147 84 139 77 17 93 142 94 61 123 71 100 76 105 62 24 94 51 83 50 80 7 96 149 120 13 38 117 22 131 93 131 84 50 125 12 111 141 44 84 47 115 66 104 12 30 132 21 126 90 21 117 19 96 29 100 143 108 14 113 149 89 47 6 46 135 101 55 88 47 78 116 82 33 18 117 80 2 52 111 64 147 106 146 105 61 101 57 102 6 87 50 148 86 14 100 46 1 76 134 51 14 58 90 17 128 52 96 134 52 12 112 62 22 115 8 89 143 28 76 1 93 0 107 67 145 96 43 144 71 31 119 62 124 37 117 4 10 32 42 96 54 9 113 145 43 129 78 139 22 110 71 8 55 128 94 118 35 5 111 6 58 93 145 52 9 110 57 131 104 1 32 65 116 147 76 118 14 116 12 80 28 77 3 102 56 3 32 2 115 9 64 15 88 129 73 142 28 124 41 137 98 147 77 135 65 126 88 140 42 74 128 20 92 1 103 0 65 104 58 98 43 129 47 137 78 27 70 8 84 130 66 146 76 137 71 115 35 137 54 84 48 3 66 149 68 134 100 147 65 94 14 121 24 93 133 74 149 106 64 142 26 139 91 62 18 126 71 20 128 42 113 43 89 6 40 88 7 77 124 60 81 142 84 145 101 54 146 75 111 71 145 111 22 95 137 79 121 88 9 51 6 80 45 79 46 141 28 116 11 112 7 64 95 60 26 83 132 97 134 29 87 122 69 94 135 80 116 72 146 63 101 7 57 142 100 65 38 105 56 98 33 83 55 99 11 128 85 34 8 52 85 116 10 80 4 48 91 34 115 10 108 135 102 77 10 81 48 89 29 144 80 132 23 81 50 131 79 1 114 148 85 10 112 72 25 120 11 118 16 81 4 98 55 91 18 125 15 51 105 149 94 62 110 61 25 70 103 67 98 21 132 89 7 42 72 107 4 86 47 82 10 13 78 0 45 84 117 67 119 79 23 66 147 88 141 107 146 48 145 28 67 128 33 110 40 71 35 117 25 71 136 102 147 95 43 106 53 73 110 18 136 138 138 21 121 39 108 149 55 12 65 123 82 126 87 46 0 44 78 4 116 83 53 101 59 127 18 115 42 5 121 45 106 74 110 42 83 10 97 41 140 109 9 124 83 123 72 27 140 78 54 99 64 114 43 116 70 134 13 51 93 135 81 136 58 94 54 138 61 19 126 10 60 96 63 112 21 122 40 148 97 11 144 95 27 99 135 50 3 47 85 46 12 69 137 40 135 98 137 55 24 30 133 22 130 90 53 79 122 22 71 21 125 76 111 51 95 49 144 90 8 108 148 46 71 26 140 53 109 47 2 102 134 59 132 57 114 76 0 33 123 70 109 7 111 73 30 96 0 73 148 78 28 61 27 126 23 145 27 84 137 25 138 27 97 135 67 5 114 80 144 83 44 135 57 140 17 125 20 117 46 78 47 126 90 120 16 61 111 62 103 59 102 61 149 36 104 67 22 116 148 65 134 89 57 82 45 75 133 77 19 130 21 55 89 123 68 15 116 79 3 72 5 109 72 148 47 120 61 17 113 6 66 117 26 59 18 62 101 40 0 39 90 24 104 62 106 51 132 13 100 54 99 53 21 48 90 25 73 112 3 106 37 98 29 78 7 4 109 56 39 16 136 76 12 84 132 60 100 139 27 138 103 66 117 79 28 99 58 105 36 98 2 82 3 99 5 115 33 121 15 97 3 88 52 135 24 133 76 120 12 70 100 55 13 54 98 140 68 118 60 117 9 121 43 136 59 101 73 123 69 24 75 134 54 83 45 83 147 89 122 69 136 26 70 125 62 102 13 85 33 114 81 30 148 74 142 24 77 46 138 57 127 17 52 98 60 139 105 50 133 97 4 49 92 12 110 72 47 77 138 94 131 78 125 35 1 48 88 122 81 45 81 58 26 121 22 121 58 96 144 47 77 138 49 83 43 112 75 147 60 120 3 35 93 39 59 143 96 138 79 136 88 29 145 89 50 6 88 130 92 21 120 14 89 28 94 8 80 112 64 134 15 69 142 55 122 61 99 72 144 28 60 17 126 74 119 6 82 46 115 143 48 6 67 142 62 11 39 95 135 78 45 71 112 61 118 71 86 77 146 30 79 112 82 49 88 5 73 138 69 139 23 132 52 92 0 110 75 125 85 26 137 142 111 143 45 144 93 14 9 34 98 0 120 23 133 13 94 55 110 64 123 18 146 43 74 22 132 135 2 81 145 95 134 88 13 121 88 124 118 79 115 13 122 63 110 27 69 99 146 105 66 80 109 139 108 116 21 137 37 104 143 26 144 82 20 65 82 40 108 18 95 56 101 66 14 56 95 55 23 52 94 36 117 56 132 74 141 43 139 90 29 75 121 11 80 131 100 58 139 45 21 68 14 115 24 86 140 91 50 9 35 77 130 98 134 56 118 81 46 76 148 109 149 93 27 119 61 103 132 96 53 85 118 67 102 37 122 68 142 79 44 82 133 88 46 120 62 77 137 91 8 87 140 61 124 64 38 93 59 27 57 23 135 25 141 85 2 50 90 140 108 145 91 35 98 139 28 108 32 127 94 136 99 62 113 24 73 10 66 107 65 93 54 82 11 117 61 127 48 2 103 59 116 55 90 56 12 91 7 106 54 111 21 134 24 91 127 82 5 117 3 41 72 123 22 57 94 49 129 50 143 112 81 127 47 15 120 69 113 80 51 79 141 61 8 114 11 67 112 6 114 77 49 96 51 133 27 81 131 82 16 139 91 144 98 64 94 9 73 145 74 23 136 68 98 138 72 147 87 16 122 74 147 33 140 48 0 77 125 45 140 60 94 130 44 144 106 148 51 98 9 89 119 57 44 49 9 95 136 28 100 146 26 88 146 91 44 121 10 72 111 27 122 15 60 0 108 2 107 54 14 81 52 95 57 121 60 9 111 74 0 112 149 17 6 109 62 97 136 26 22 132 24 74 140 47 7 52 119 58 85 127 58 95 2 53 92 141 14 119 12 87 45 126 18 120 4 87 23 60 16 133 24 120 10 54 91 23 90 48 142 91 123 59 16 115 7 122 20 116 66 99 4 89 121 78 26 72 22 73 42 58 15 101 69 20 90 131 22 107 145 66 109 8 110 73 20 92 140 64 99 141 96 125 23 77 110 43 115 65 28 97 131 38 122 21 80 143 56 13 118 83 30 142 109 69 25 74 108 64 91 61 109 68 143 101 58 98 13 121 12 36 136 84 128 21 91 49 85 8 113 78 53 82 139 71 116 8 109 63 117 28 84 2 77 25 63 1 99 59 135 75 142 27 96 3 85 45 82 136 51 86 52 4 71 149 74 109 140 95 54 122 70 21 84 46 20 52 96 10 97 57 28 98 25 135 43 147 67 116 9 85 51 97 87 141 109 18 125 8 51 91 126 49 11 84 20 54 130 95 37 5 101 6 77 43 73 26 141 94 0 58 138 62 95 63 43 72 128 109 41 91 56 9 82 145 80 36 118 61 107 149 104 59 141 98 59 5 79 11 98 12 98 148 99 147 30 75 12 48 57 104 134 23 59 148 105 12 97 53 94 39 64 100 35 92 122 86 136 78 107 73 13 91 20 63 137 68 5 108 66 21 63 139 72 113 78 117 44 116 73 140 20 93 72 119 83 145 86 26 122 64 20 16 93 19 115 12 82 114 83 146 76 69 8 124 40 142 28 146 84 144 104 64 105 42 2 111 74 129 44 80 123 21 129 20 57 13 116 135 116 62 96 80 143 65 99 24 116 34 118 84 18 122 47 111 55 134 27 146 95 50 93 34 146 85 44 140 66 142 49 89 141 86 142 56 99 35 60 104 61 142 0 21 85 16 84 125 22 126 66 100 144 97 8 90 67 21 94 18 90 59 121 4 47 147 85 50 73 149 95 38 3 118 37 70 7 116 46 118 55 96 137 24 71 138 44 72 124 2 63 100 26 61 114 9 75 133 102 68 147 84 141 90 52 109 145 63 93 52 104 135 56 112 10 119 24 114 79 135 75 53 137 61 65 72 23 65 93 137 80 130 73 21
3531.225210 meters