file sh-9.jpg
nails 150
imagesize 200
populationsize 100
elite 20
genomesize 2200
mutation 0.001350
minchunk 0.200000
maxchunk 0.500000
iterations 15000
stableiterations 10
goodgenerations 150
burst 0.000100
threshold 0.030000
ring_diameter 2000.000000
thread_diameter 0.010000
save_every 1000
history_step 100
---
2200 0.05 200.0 97 59 84 78 29 87 34 94 17 75 103 27 74 137 53 89 138 69 9 107 76 102 30 131 24 96 35 102 28 143 68 117 1 93 35 125 82 136 98 35 70 52 75 106 20 94 136 30 138 23 85 3 52 121 27 105 69 127 65 147 77 5 105 74 117 78 144 79 147 28 98 131 24 145 43 139 23 69 19 65 109 18 96 32 127 82 7 96 142 63 21 131 82 48 133 44 72 30 91 18 76 30 73 120 8 70 108 69 41 141 102 37 75 127 40 88 149 109 24 57 121 91 131 74 139 45 131 71 140 56 135 81 60 92 132 39 18 34 81 52 129 59 98 126 23 131 55 3 96 54 80 26 128 90 143 89 39 144 24 135 52 90 12 130 74 96 20 131 80 134 55 11 129 73 110 66 137 24 142 89 149 71 26 77 109 25 139 53 134 87 1 84 145 94 69 120 80 107 15 91 60 91 9 82 140 22 131 37 106 54 19 81 1 51 105 136 31 90 57 95 28 73 20 124 54 88 131 42 70 143 100 55 12 55 14 53 133 23 75 32 98 135 99 130 79 118 97 28 63 0 61 93 22 137 58 145 76 20 128 86 120 51 84 34 72 27 61 12 122 64 0 92 62 133 55 9 117 18 80 19 130 37 132 74 112 81 115 14 92 122 20 55 16 77 17 96 58 95 133 90 59 85 97 108 139 60 18 123 22 66 116 72 133 61 98 140 77 6 89 52 87 120 32 77 128 145 79 4 74 24 127 73 114 68 137 87 119 29 131 68 109 44 11 76 144 45 68 110 143 42 10 85 52 130 82 51 7 86 11 87 51 140 78 147 96 59 86 148 80 122 31 99 63 135 58 91 145 42 21 104 60 131 47 1 65 21 130 83 113 56 62 75 30 111 43 106 69 30 86 51 100 134 57 137 20 67 137 23 141 80 34 131 75 31 69 103 140 20 87 0 86 53 92 89 32 105 66 118 67 11 111 10 63 23 136 68 2 30 149 46 137 72 112 71 101 129 60 23 101 7 121 15 92 145 72 114 6 50 119 19 55 88 7 87 26 105 62 102 148 92 45 147 71 107 1 121 81 133 20 131 43 80 8 88 17 78 118 81 146 32 141 84 61 130 27 71 143 107 70 144 88 51 101 30 110 42 132 51 85 129 40 134 103 62 103 124 89 17 57 140 55 15 134 62 108 92 12 66 115 21 64 136 63 105 8 82 21 100 59 93 14 130 13 38 11 107 22 70 26 82 149 55 106 64 127 78 111 12 99 22 130 20 44 106 41 0 107 33 148 83 31 87 56 22 88 16 58 139 87 141 55 93 126 41 2 45 132 26 144 25 85 4 118 73 9 52 134 73 29 72 108 73 19 96 56 141 81 147 53 93 3 73 143 99 149 102 63 104 67 142 75 8 100 24 138 21 99 28 75 22 64 7 117 82 19 61 101 63 9 75 105 26 131 27 141 82 149 80 147 87 6 51 90 23 95 25 79 7 39 126 78 145 93 33 76 130 27 78 42 122 70 138 86 49 147 34 102 69 109 75 137 86 60 21 48 147 93 142 82 146 87 50 138 54 93 144 77 23 102 2 70 145 69 142 74 109 11 78 32 82 2 88 18 57 5 85 21 54 142 67 106 74 138 40 126 74 110 70 2 115 143 62 101 46 3 49 78 48 6 112 56 129 80 23 88 130 72 21 93 19 67 140 90 119 68 89 130 15 93 25 131 19 112 73 111 75 138 22 95 29 93 56 114 3 127 30 74 19 114 33 58 134 64 89 19 62 18 78 47 0 81 89 92 24 85 27 69 43 135 47 82 129 72 35 126 37 9 99 59 26 96 13 113 65 4 49 18 90 78 85 49 83 132 80 141 61 99 20 71 138 49 77 107 21 134 94 123 84 13 129 55 102 4 74 114 18 86 6 87 1 88 33 95 16 50 84 131 51 17 94 129 89 1 29 108 7 112 10 60 13 100 139 78 146 72 5 50 132 23 125 85 143 41 99 55 116 83 28 129 66 20 65 123 54 143 57 97 141 54 140 39 123 70 111 45 97 23 57 22 81 53 95 3 90 132 19 92 144 68 130 9 101 66 95 18 131 94 16 109 75 108 14 94 130 41 128 21 127 26 97 25 128 12 91 38 133 99 146 77 144 96 78 5 114 21 121 78 33 108 71 28 128 42 127 9 86 54 111 69 110 71 34 116 35 141 72 140 60 103 9 44 18 94 23 59 101 141 79 31 1 83 120 37 116 69 26 104 13 76 36 115 78 143 77 108 76 31 3 84 7 83 35 143 25 78 109 10 82 148 90 62 20 63 108 1 44 132 63 104 62 149 56 24 126 67 107 141 73 128 92 59 95 11 72 132 57 21 33 8 133 19 84 21 61 20 61 89 27 135 45 79 109 70 109 66 14 58 20 85 115 70 101 10 84 49 137 98 56 0 83 20 131 83 140 68 61 88 129 16 116 48 85 4 93 0 133 29 66 113 6 59 103 74 111 145 96 130 16 100 35 99 56 130 42 136 27 143 76 139 60 101 28 64 25 117 16 66 19 113 69 100 60 97 27 76 10 102 64 20 88 30 137 21 133 56 147 85 131 21 123 90 9 21 66 27 65 97 127 25 68 136 58 149 57 133 36 117 35 119 51 135 66 108 64 99 134 44 130 26 135 42 1 82 56 83 9 111 25 86 5 54 91 33 80 128 72 17 65 136 70 29 74 129 71 41 135 70 147 91 29 84 56 95 6 65 0 102 60 90 52 71 18 72 24 65 103 10 113 30 129 79 148 30 107 64 133 40 137 93 20 82 139 90 36 102 135 80 140 25 66 33 125 32 130 21 92 28 141 66 136 57 132 21 129 21 58 94 57 94 52 117 54 8 128 23 10 89 11 86 143 22 124 69 136 87 143 76 40 105 14 76 138 46 130 78 144 37 98 13 93 133 37 127 84 99 38 101 64 104 41 127 5 49 13 92 29 83 52 91 53 87 50 109 56 23 140 78 144 75 143 84 134 21 87 55 135 87 49 6 96 146 52 137 73 133 78 139 54 94 144 79 33 117 84 4 55 96 60 131 17 0 72 144 80 124 84 116 63 129 86 29 81 21 122 81 147 70 21 52 148 27 70 139 69 117 93 23 130 18 99 65 98 26 143 88 0 118 50 83 47 69 22 55 125 56 106 16 92 143 64 24 68 102 16 54 89 51 110 1 64 17 139 68 106 72 106 12 72 47 10 128 19 130 86 147 98 23 70 103 142 68 113 70 102 147 92 31 112 141 40 82 114 75 29 64 100 43 101 149 36 98 24 58 101 42 101 27 68 11 91 13 133 100 52 131 92 55 108 2 83 141 37 118 68 3 97 38 125 43 143 77 139 74 5 76 122 9 119 56 1 72 19 131 31 97 19 99 57 7 105 45 104 70 95 62 91 16 93 28 4 32 113 85 123 76 12 53 121 70 135 57 92 63 50 85 55 97 58 143 104 76 142 85 9 53 22 67 97 2 29 132 61 131 61 103 67 141 85 148 88 50 10 90 38 135 20 132 38 100 59 131 19 126 20 131 28 115 56 90 11 92 28 72 32 5 23 129 10 66 102 138 82 145 54 149 87 142 72 20 129 26 85 7 80 110 8 114 46 22 40 40 10 132 55 136 17 90 35 115 3 73 49 68 107 74 141 53 85 6 20 129 25 34 8 103 60 130 11 73 26 142 81 66 1 55 86 118 24 66 104 81 141 26 81 8 55 124 41 132 46 78 39 127 80 146 77 138 66 103 148 83 122 39 72 126 71 94 38 75 139 71 33 131 44 135 67 117 83 127 47 133 63 109 73 21 96 136 24 130 91 20 56 91 35 133 52 82 111 83 51 74 18 61 149 29 101 131 49 118 18 82 17 120 84 57 91 148 81 50 73 3 66 134 81 32 3 94 64 110 15 94 22 65 135 21 95 145 78 16 53 146 28 35 15 38 80 144 69 129 47 80 29 129 90 0 101 65 28 135 64 23 108 65 91 14 56 10 86 142 83 48 80 88 36 125 78 6 67 24 95 131 36 137 54 118 61 102 97 36 140 79 20 134 65 105 64 98 146 79 124 33 84 142 40 136 54 9 89 10 99 129 43 99 66 140 76 12 129 22 83 149 86 59 130 45 90 27 139 65 96 25 118 35 127 19 11 76 110 79 34 126 84 54 10 116 2 68 19 78 45 125 77 116 92 54 93 31 66 106 65 100 14 48 79 19 94 67 115 4 114 13 94 55 130 20 54 132 24 69 2 87 37 88 89 20 86 8 93 71 21 46 135 69 112 62 100 15 57 130 54 15 77 115 72 110 86 27 129 19 130 51 66 111 68 99 40 70 105 61 148 54 88 19 59 91 4 73 126 75 122 53 142 27 80 22 87 35 134 63 59 99 60 149 86 52 147 95 31 2 103 63 100 67 98 66 107 75 54 147 126 62 132 101 68 103 13 69 2 35 77 145 69 100 28 77 14 33 112 68 116 30 0 31 129 42 0 95 54 98 39 3 85 130 28 132 19 98 58 81 149 110 65 134 89 30 64 97 18 115 61 103 64 11 57 98 18 48 84 2 40 148 53 131 19 57 96 28 61 139 25 72 102 11 58 100 54 74 4 54 144 91 52 73 23 67 108 1 102 67 1 128 2 95 64 149 83 8 102 38 88 39 136 125 142 25 60 0 62 102 65 126 29 146 24 79 114 87 70 140 53 91 13 54 79 128 84 130 25 132 81 49 82 2 50 86 40 128 94 56 88 5 104 74 44 97 129 18 75 36 12 56 144 90 14 57 13 55 137 92 125 34 95 146 109 76 106 27 58 86 146 85 29 140 65 15 66 23 135 53 88 4 101 5 89 58 15 102 59 24 103 6 86 131 54 28 17 40 102 27 145 80 6 41 136 56 13 67 111 4 42 108 56 110 75 132 60 28 123 87 121 84 1 92 4 67 136 22 117 76
3584.596167 meters