file sh-7.jpg
nails 150
imagesize 200
populationsize 100
elite 20
genomesize 2200
mutation 0.001350
minchunk 0.200000
maxchunk 0.500000
iterations 15000
stableiterations 10
goodgenerations 150
burst 0.000100
threshold 0.030000
ring_diameter 1000.000000
thread_diameter 0.120000
save_every 1000
history_step 100
---
2200 58 137 83 58 129 11 109 85 27 51 114 3 91 149 31 133 33 93 17 126 25 54 99 56 3 69 4 54 93 60 27 131 55 10 78 50 86 14 87 55 3 71 123 62 10 53 29 54 107 144 105 28 56 113 40 110 0 34 125 24 96 62 26 130 57 136 39 67 99 16 117 80 32 0 114 4 120 14 68 7 59 103 73 140 42 126 89 133 80 145 32 2 95 123 88 35 78 56 91 103 65 18 110 76 129 17 116 10 105 65 90 144 74 23 123 27 54 9 106 71 134 44 77 128 35 90 55 92 0 91 1 90 62 129 26 136 73 2 94 57 28 104 30 1 32 5 117 17 79 32 147 18 129 23 89 43 123 74 43 64 131 23 124 24 134 100 65 134 39 122 7 115 90 112 5 121 37 5 30 139 54 148 78 106 57 5 125 41 72 45 144 111 34 74 133 87 50 24 119 36 3 67 33 95 24 85 142 75 122 9 116 76 141 105 136 82 43 139 64 100 11 117 9 85 137 27 89 18 125 24 127 25 106 143 111 19 91 16 86 10 90 17 124 44 82 136 30 99 60 98 11 125 23 98 61 94 24 130 51 110 12 88 26 138 27 135 28 68 37 60 115 58 114 1 109 139 15 60 146 46 104 77 146 112 66 111 5 51 98 133 40 68 3 113 12 86 121 13 58 95 144 55 135 58 7 34 6 58 113 34 10 39 125 11 112 34 102 136 83 17 115 4 93 53 73 17 96 123 67 15 64 34 58 138 107 139 73 15 113 65 33 109 66 144 87 142 47 88 64 99 130 90 148 105 73 123 91 60 101 140 37 71 134 55 136 100 54 136 53 94 25 140 41 82 130 62 29 138 51 91 25 143 107 71 5 65 126 15 114 55 96 138 85 62 99 14 56 96 26 137 28 141 35 113 43 85 14 50 6 74 14 122 72 134 89 147 81 38 143 103 64 10 111 123 33 7 112 67 105 0 75 47 45 83 47 13 72 104 27 119 18 122 61 126 18 123 63 97 133 92 60 100 61 31 53 86 147 108 138 74 110 143 1 67 25 116 2 55 100 62 139 42 75 108 70 3 97 61 90 29 137 111 6 85 37 116 15 127 54 140 49 109 0 115 8 124 32 77 148 113 147 106 140 105 134 81 31 119 95 117 61 136 25 120 94 121 69 33 105 63 20 118 9 79 46 3 105 132 25 86 140 28 134 101 25 59 121 91 7 85 134 28 75 112 35 64 30 142 76 115 55 136 68 97 57 84 60 22 124 60 141 103 132 53 3 95 130 44 109 142 38 138 82 148 79 142 108 35 144 73 137 102 36 67 95 68 114 143 39 123 5 93 139 103 57 138 114 137 54 95 145 76 29 105 142 29 87 123 32 3 55 113 7 116 26 60 17 94 57 96 61 89 143 77 45 12 111 4 95 57 76 36 61 132 27 103 133 90 149 106 26 94 18 122 62 120 63 124 12 125 84 138 53 88 117 59 116 74 122 11 113 9 55 121 63 93 9 110 62 97 8 38 146 80 119 25 127 24 97 0 111 64 125 13 122 96 119 23 130 96 32 149 82 23 77 25 126 100 124 131 82 118 79 49 81 133 83 123 44 91 28 137 34 133 80 29 93 3 115 83 0 43 80 132 24 100 14 121 2 114 57 132 27 142 36 113 44 80 41 102 132 62 118 29 134 26 120 37 6 57 85 141 106 142 105 145 54 90 51 76 9 97 64 132 36 77 96 80 39 117 148 91 34 90 18 117 69 149 79 109 146 31 23 128 91 133 42 84 124 78 34 77 137 59 66 113 67 128 17 114 7 109 147 112 114 88 145 110 33 70 132 69 102 76 50 80 57 120 19 117 122 90 58 116 146 106 31 110 13 94 5 40 141 17 123 35 97 20 91 55 92 7 108 87 110 11 83 63 119 16 119 29 137 104 68 2 111 8 77 129 79 147 116 16 116 83 49 84 52 12 68 115 16 100 131 25 137 22 122 67 100 71 118 68 39 78 128 45 3 94 16 122 87 65 111 1 86 5 52 110 72 120 85 140 92 69 94 58 128 7 97 149 41 103 72 47 84 8 94 9 56 145 42 125 67 11 115 23 123 11 111 80 147 65 92 13 52 93 57 86 139 55 93 25 134 69 114 24 102 25 74 121 79 144 49 85 54 82 33 144 42 8 60 23 96 52 132 68 107 12 114 78 9 42 102 26 66 99 59 6 110 1 52 26 50 135 106 8 79 145 111 75 114 77 110 147 31 117 44 114 66 14 118 31 132 99 53 137 81 132 101 3 90 52 131 93 19 116 89 15 121 11 84 139 99 58 112 1 116 9 47 3 108 148 64 94 10 63 38 77 130 56 31 85 116 77 120 79 132 45 73 120 93 2 54 102 28 50 48 105 30 119 60 106 59 128 28 139 74 10 124 23 52 29 55 86 0 44 15 119 100 129 13 87 12 116 78 147 99 47 138 95 10 85 45 4 112 59 8 63 9 105 137 50 7 77 108 30 84 53 90 20 130 35 143 102 61 135 53 116 96 115 25 78 46 139 75 29 140 112 55 99 65 93 23 54 94 4 34 148 89 16 87 143 98 55 137 95 54 92 49 8 95 16 120 36 82 115 70 12 122 65 19 118 17 137 51 88 140 87 49 148 112 32 85 129 59 120 20 131 53 109 143 70 80 42 68 102 140 30 72 6 87 141 74 44 132 28 109 17 120 15 105 66 95 64 110 59 17 70 39 65 95 60 129 46 116 79 128 14 113 75 35 57 30 141 73 115 15 90 113 81 23 132 104 144 65 130 46 135 51 11 114 59 130 81 47 139 101 127 103 135 37 99 23 100 22 81 149 36 86 120 88 142 107 143 30 58 93 56 136 29 61 130 98 54 91 39 118 69 2 113 106 76 127 77 47 137 49 133 28 62 147 40 124 74 32 136 108 4 86 118 81 121 62 104 26 139 31 123 89 146 107 58 27 131 19 119 86 54 112 15 91 35 119 62 117 54 24 126 76 113 8 48 97 58 120 33 118 88 46 138 103 128 13 114 13 55 19 90 47 146 113 60 128 11 118 22 66 18 72 5 116 17 89 117 72 42 129 50 95 30 141 110 7 45 18 121 58 31 74 137 82 134 56 98 8 52 83 24 128 99 5 114 16 71 135 64 127 149 114 18 103 136 102 74 20 121 21 120 61 128 18 116 8 35 146 51 84 120 35 69 137 103 38 121 75 109 51 140 30 111 9 124 38 116 14 75 45 133 79 45 114 61 148 144 75 140 76 148 110 149 50 139 14 63 101 26 115 77 144 103 23 130 66 129 78 44 73 122 64 98 24 126 23 64 126 35 135 67 129 43 8 75 16 118 17 115 2 34 75 123 13 124 45 147 107 77 98 52 137 109 149 80 108 52 18 134 107 2 120 67 136 17 108 33 119 59 96 145 89 54 87 53 108 66 100 135 18 107 78 45 148 81 136 88 8 114 79 35 109 94 142 40 4 109 2 110 54 96 133 28 64 36 115 37 88 36 110 10 52 134 36 137 96 51 148 109 9 80 129 78 121 65 102 126 16 81 120 32 61 16 124 7 46 42 32 70 118 73 13 68 117 70 5 69 101 64 96 70 34 126 63 98 68 105 32 65 34 97 16 117 8 112 90 147 35 9 6 117 70 106 144 81 41 141 86 115 54 28 70 100 38 66 97 6 36 144 78 52 89 55 94 56 117 60 137 46 121 66 96 21 99 63 116 11 145 46 107 148 62 9 91 61 118 23 84 43 127 84 116 149 108 132 92 149 89 53 146 88 33 135 82 61 44 12 92 16 113 52 138 83 145 41 75 140 33 44 52 0 88 54 131 51 112 145 50 130 78 4 65 12 85 56 87 128 40 70 105 138 71 140 104 71 4 89 48 138 59 98 128 25 127 102 139 48 90 16 88 126 67 108 79 130 27 65 112 6 96 58 91 68 94 86 56 63 132 26 133 39 11 42 81 146 41 1 80 16 47 129 83 46 85 11 91 59 94 51 10 84 140 70 103 142 77 121 40 76 144 110 35 81 135 40 10 114 34 95 6 121 64 0 72 136 104 139 71 101 62 141 49 5 56 95 55 85 131 81 56 13 71 40 123 64 33 107 31 112 56 5 87 142 12 98 62 48 87 146 115 57 73 33 125 17 119 17 72 44 69 131 47 141 46 128 24 80 137 108 76 117 15 124 65 132 82 40 18 120 60 12 84 136 52 91 0 51 89 121 73 102 134 98 147 60 136 78 143 65 135 81 40 8 110 137 56 6 69 115 149 104 55 4 117 22 116 10 106 72 121 127 23 113 1 66 32 57 88 49 138 28 136 50 134 84 117 78 141 84 115 16 93 124 95 23 128 66 11 86 142 78 108 69 116 92 4 116 50 118 84 6 128 25 135 108 0 66 135 76 7 111 81 94 116 95 37 1 93 111 106 12 117 26 135 24 129 57 34 72 138 32 92 53 4 63 134 88 14 117 37 125 62 124 61 8 60 7 103 66 12 46 10 126 41 0 53 113 13 48 82 120 147 46 4 56 92 134 57 143 79 139 85 143 86 49 71 117 17 97 144 30 97 60 94 63 109 48 9 112 78 118 60 0 103 36 71 14 112 135 70 139 41 73 4 66 127 104 142 108 12 115 10 50 84 54 135 107 149 62 135 72 105 69 19 127 18 64 102 8 74 108 2 33 76 111 149 64 109 37 76 136 106 145 74 104 67 101 68 1 33 62 42 124 14 67 96 7 93 59 32 55 81 138 43 133 54 3 117 79 131 80 144 64 141 75 125 19 124 76 72 108 51 1 65 14 97 65 101 28 59 95 121 36 123 30 106 3 109 52 135 28 55 79 146 76 143 105 75 145 107 53 106 33 60 48 84 56 88 7 98 32 119 20 122 15 92 52 61 101 135 63 37 102 66 134 80 148 88 119 72 35 61 92 59 100 58 15 113 51 149
3484.468940 meters