file sh-17-lowcontrast.jpg
nails 163
imagesize 200
populationsize 100
elite 20
genomesize 1800
mutation 0.001300
minchunk 0.200000
maxchunk 0.500000
iterations 15000
stableiterations 10
goodgenerations 100
burst 0.000300
threshold 0.030000
ring_diameter 2000.000000
thread_diameter 0.010000
save_every 1000
history_step 100
---
1800 0.010000 200.000000  111 88 32 52 60 85 56 79 35 72 18 147 8 107 129 70 141 85 138 129 150 18 67 75 114 87 97 56 100 65 110 121 59 33 35 22 38 15 77 112 78 141 31 148 72 64 14 133 77 148 19 73 50 152 18 80 40 29 104 136 7 131 140 149 19 83 146 158 92 57 34 24 85 26 15 16 93 119 57 93 44 74 148 117 72 23 144 2 129 114 155 40 145 68 106 15 144 4 131 150 151 138 33 85 49 67 104 78 160 127 85 82 146 146 129 13 22 143 74 49 80 21 141 20 154 48 66 55 98 80 156 8 130 13 53 96 156 82 113 94 49 53 108 68 71 116 105 124 18 17 135 38 125 119 115 100 124 144 147 76 3 0 160 18 28 0 96 81 47 34 18 32 5 71 83 148 75 50 106 51 73 63 140 126 157 86 83 130 28 109 113 73 144 21 134 85 71 63 8 74 115 56 101 58 1 145 144 5 0 127 99 157 84 61 119 127 108 105 22 51 105 78 108 95 62 99 48 104 109 57 39 156 65 20 98 98 13 141 69 102 75 99 49 21 96 69 61 31 8 131 9 48 3 68 71 70 50 11 63 16 15 31 102 105 107 67 112 123 133 144 76 139 14 29 33 71 112 60 108 87 159 28 3 20 145 82 43 34 67 145 23 100 63 110 98 31 110 106 52 96 90 56 61 76 76 29 159 136 2 106 64 46 71 107 53 105 161 111 86 109 125 68 47 89 65 42 79 143 139 161 143 153 22 145 51 10 7 122 52 101 53 2 29 82 54 100 162 29 135 114 9 137 87 79 108 57 47 70 13 134 24 144 22 74 33 100 70 93 4 12 131 14 86 56 107 3 115 62 140 91 132 128 11 138 49 7 47 100 75 143 150 127 109 59 86 77 115 81 145 74 31 27 36 37 153 80 55 14 35 49 78 92 45 99 101 65 76 19 139 1 65 124 139 159 161 97 7 130 161 1 153 135 19 158 15 92 59 75 108 71 134 16 90 9 99 61 140 24 157 127 106 55 31 48 96 11 135 146 103 53 120 93 158 155 79 94 138 18 41 72 133 22 96 154 45 6 162 96 49 83 63 130 64 65 81 0 139 121 107 77 149 17 158 94 56 93 91 12 9 61 142 30 51 72 146 22 101 104 2 58 69 125 97 126 151 22 41 68 147 21 74 73 62 91 60 82 56 102 50 95 127 159 104 49 51 62 107 98 136 69 73 136 67 86 52 93 63 59 89 123 120 39 159 131 67 150 26 64 91 53 123 98 63 43 5 94 51 96 140 128 137 45 157 83 155 147 4 160 9 60 55 4 91 95 0 2 51 60 74 35 60 162 118 138 9 8 62 108 74 15 34 61 148 59 97 47 6 140 110 5 11 104 142 22 106 53 73 40 147 33 148 15 69 108 118 85 158 25 147 58 14 23 94 102 49 29 97 97 113 68 20 130 11 152 117 88 8 143 16 19 137 141 145 13 154 148 25 1 11 147 24 153 10 133 70 20 71 93 77 151 4 125 59 8 78 149 76 112 84 39 82 62 84 147 1 111 101 49 79 101 102 119 141 118 91 92 69 12 162 87 13 75 15 9 116 89 41 61 103 115 58 88 66 108 160 6 65 72 152 130 65 2 23 33 102 18 140 138 19 19 32 105 74 111 97 20 138 77 58 161 95 25 87 143 64 90 115 128 58 51 27 130 125 145 38 48 101 36 138 53 3 90 156 18 135 123 141 62 40 53 99 125 156 129 3 135 160 158 57 54 107 25 20 102 19 14 154 12 130 4 67 66 10 114 161 26 19 150 22 148 40 104 162 149 162 136 3 17 134 57 89 136 31 54 92 147 73 132 59 99 46 8 149 50 140 148 7 111 77 36 151 145 122 17 101 76 95 43 64 42 88 0 3 99 51 48 150 25 9 62 80 24 83 94 16 154 126 96 103 142 140 71 143 73 112 139 56 5 67 134 149 144 158 0 154 88 97 119 146 81 23 38 66 158 112 65 8 137 157 4 70 102 104 20 34 83 78 97 156 145 24 73 9 34 114 147 78 161 32 132 134 132 30 149 14 15 39 85 103 89 154 121 160 90 51 54 10 28 50 41 134 7 45 84 29 33 17 69 62 44 30 11 15 132 118 55 52 94 101 153 88 49 95 118 116 2 52 91 72 114 107 91 148 93 53 69 7 133 25 100 72 14 4 14 141 71 49 11 53 95 154 81 57 79 78 114 144 82 114 134 75 52 88 47 94 44 13 88 139 53 89 100 86 117 105 106 140 57 86 140 21 153 89 95 54 17 1 44 114 81 16 18 74 61 108 6 131 127 158 140 162 28 73 90 92 5 114 74 0 137 20 142 142 72 45 33 69 4 129 126 150 161 141 23 142 97 162 129 7 155 88 63 103 100 21 1 16 132 92 159 91 57 84 2 87 91 55 141 157 147 20 82 154 47 91 98 64 112 72 107 116 86 159 14 34 108 70 56 46 73 81 151 85 152 25 37 24 65 137 21 160 0 111 73 88 152 19 136 134 155 126 142 17 62 33 136 15 153 83 115 122 143 72 32 140 105 50 93 117 126 113 11 90 157 44 146 159 24 10 31 70 38 151 129 1 142 24 58 107 21 142 156 99 63 121 145 137 18 87 12 57 160 132 158 0 3 116 120 6 70 86 63 150 78 51 156 7 28 47 79 26 127 61 87 51 107 55 108 129 30 19 155 152 151 87 39 63 79 32 103 20 24 26 151 128 154 7 115 110 124 132 119 74 75 64 13 146 140 68 134 18 157 67 95 81 123 138 6 17 132 11 133 15 68 33 36 19 84 149 144 103 117 125 152 61 161 119 123 6 14 140 94 129 6 3 5 146 122 159 113 6 159 10 110 56 106 92 44 80 125 143 23 149 64 110 61 54 112 138 97 51 68 36 152 128 147 74 136 158 31 133 17 92 116 132 12 151 154 127 156 10 79 41 93 95 18 115 80 103 82 12 159 107 102 0 100 66 89 156 141 68 5 142 12 68 135 74 39 133 13 40 76 148 0 131 59 78 58 143 80 133 62 93 45 54 146 23 96 121 20 139 4 149 10 134 12 52 66 19 143 153 84 114 124 141 22 14 134 147 75 18 66 66 83 12 84 139 8 2 157 28 8 113 83 59 38 34 27 25 154 131 72 43 78 66 13 132 113 77 109 58 90 46 94 18 18 136 17 139 16 37 87 99 98 137 120 140 15 135 6 73 66 132 136 122 57 155 86 12 50 97 57 116 158 54 57 36 21 126 139 60 47 153 108 94 68 40 43 59 123 37 76 54 122 90 87 152 104 75 38 71 142 13 149 26 63 52 67 160 39 158 98 122 9 148 29 145 95 58 127 8 76 35 13 67 82 120 55 90 135 16 18 96 60 131 13 30 41 1 27 153 35 66 62 126 119 17 103 50 96 61 16 21 76 150 3 69 103 102 47 41 146 12 155 139 69 80 154 9 20 134 1 64 50 83 145 66 150 156 5 24 40 71 114 79 28 65 14 16 133 125 154 27 6 30 80 90 61 104 137 124 81 13 153 17 8 96 98 47 143 6 137 149 133 6 0 128 156 26 110 85 7 75 105 127 153 49 91 54 101 120 99 8 129 57 100 77 105 146 24 162 112 75 150 23 98 10 0 29 16 33 80 76 87 154 142 70 157 1 23 28 48 32 26 43 22 60 76 43 66 87 48 85 0 84 65 44 70 46 136 135 40 34 79 50 82 64 37 50 100 119 42 32 62 100 24 101 149 5 138 17 77 106 41 84 77 8 75 45 4 31 64 4 155 27 160 104 62 46 97 26 157 80 152 27 29 47 76 114 139 77 157 123 105 68 87 36 69 110 28 160 112 81 42 86 151 118 130 143 59 98 73 106 101 71 103 51 144 98 11 25 40 26 39 27 9 12 15 139 55 88 81 155 11 141 67 79 104 128 125 151 130 9 124 85 78 74 86 152 7 110 58 44 135 92 51 33 108 133 18 35 57 101 161 107 75 73 36 59 128 9 142 8 5 129 84 49 97 103 83 112 87 56 37 29 98 117 99 12
2141.434051 meters