file sh-17.jpg
nails 200
imagesize 200
populationsize 100
elite 20
genomesize 2000
mutation 0.001300
minchunk 0.200000
maxchunk 0.500000
iterations 17000
stableiterations 10
goodgenerations 100
burst 0.000300
threshold 0.030000
ring_diameter 2000.000000
thread_diameter 0.010000
save_every 1000
history_step 100
---
2000 0.050000 200.000000  112 143 159 179 17 109 13 84 137 93 25 171 81 134 73 29 181 169 145 114 19 96 62 119 120 59 125 61 81 95 187 182 92 69 183 25 186 1 102 32 191 62 83 88 138 108 57 197 168 115 31 5 159 95 35 49 48 199 177 159 154 193 102 122 75 46 62 98 139 151 4 54 135 100 179 71 63 86 172 10 152 6 35 84 46 45 165 110 191 1 128 75 160 147 168 62 74 59 86 80 13 183 117 133 135 88 80 16 162 131 142 95 123 17 18 115 80 167 93 103 70 196 36 89 135 190 98 70 91 136 114 179 196 104 107 147 104 55 39 26 193 17 148 129 70 151 111 197 151 11 194 29 164 167 101 43 67 189 156 87 174 27 176 79 71 24 99 65 131 88 139 161 147 130 74 124 86 198 40 180 30 191 118 63 185 97 88 51 191 5 67 17 66 149 149 67 129 94 119 71 49 165 171 6 109 32 50 90 112 61 100 42 27 185 33 2 119 66 41 148 24 60 128 194 157 152 174 26 126 110 68 86 140 99 139 62 117 26 135 130 62 67 35 3 111 87 123 156 85 59 194 165 77 90 53 117 18 161 165 20 184 56 60 83 69 101 40 33 158 185 122 149 147 125 29 102 101 72 139 156 192 33 30 181 36 21 78 101 21 33 190 16 169 61 116 143 101 80 8 70 146 122 78 1 38 167 50 44 65 38 81 99 177 26 181 25 54 54 21 168 190 121 155 191 29 31 184 8 159 134 153 196 191 98 13 162 179 91 74 60 193 157 174 12 60 114 95 196 4 167 155 104 15 188 140 103 138 87 6 20 0 130 90 45 29 198 120 13 83 76 126 36 22 115 77 163 3 34 52 41 23 65 112 12 160 7 83 127 98 183 24 28 7 69 117 189 167 144 70 96 189 100 190 155 183 156 163 82 166 198 76 121 22 15 160 195 136 183 32 0 80 124 69 129 66 111 140 95 182 151 112 58 113 39 54 87 114 89 162 11 58 172 36 176 26 75 126 0 140 85 115 101 100 58 35 52 110 137 41 30 72 105 39 63 169 153 140 7 7 147 110 64 128 119 17 169 14 173 83 157 172 129 100 187 104 84 161 151 9 188 99 149 111 61 0 194 34 22 199 35 102 59 20 90 127 196 134 133 93 177 98 72 116 129 133 30 182 24 7 3 121 135 92 10 73 119 143 195 122 114 148 173 87 90 9 42 96 129 25 177 23 167 22 193 111 118 27 173 180 70 50 102 24 39 18 160 2 81 149 4 30 16 188 33 58 12 118 132 66 102 60 118 41 72 132 68 39 166 21 122 87 79 20 191 15 1 64 67 112 152 67 40 93 46 9 170 104 65 130 63 15 163 19 116 105 185 83 57 120 191 180 138 133 10 121 118 75 176 125 142 113 20 115 190 78 38 26 3 20 76 73 112 114 112 51 107 199 123 79 66 60 65 57 74 127 175 10 72 94 43 56 34 195 99 124 71 133 37 63 56 60 4 66 188 97 11 14 20 181 91 31 48 77 21 175 45 34 4 157 150 122 93 85 175 153 95 184 19 144 106 7 173 0 167 1 31 8 58 89 2 91 178 182 31 95 133 168 151 68 130 29 123 69 149 162 145 128 37 2 18 107 102 141 183 103 97 133 125 187 32 94 124 60 27 114 58 26 192 0 4 160 170 143 182 177 100 85 5 192 112 195 161 128 126 65 76 36 120 87 127 156 190 53 75 70 41 46 143 188 183 11 95 79 188 157 36 34 196 11 43 182 26 14 161 17 112 169 24 130 85 52 76 117 197 103 39 13 171 187 33 9 146 138 89 161 12 26 172 53 140 164 136 70 107 195 156 132 82 133 103 135 75 103 144 140 108 65 129 145 125 93 44 28 130 64 96 44 98 132 64 127 104 185 120 30 179 59 126 97 39 139 177 73 61 199 145 123 182 165 186 33 70 67 132 124 73 192 160 185 13 44 127 127 177 29 6 2 178 28 175 97 12 116 78 2 15 183 131 94 64 122 15 146 139 109 172 15 55 120 70 154 144 141 72 158 7 194 113 75 73 54 175 91 123 48 49 194 17 184 103 106 2 161 110 141 96 40 163 41 189 107 76 194 176 137 158 14 175 42 37 88 38 199 76 22 178 191 99 126 61 104 142 20 114 129 63 104 122 29 178 92 70 124 83 19 123 98 186 171 69 119 61 53 27 5 153 180 14 82 78 47 91 8 161 183 44 170 197 134 12 6 144 81 175 132 70 62 169 160 14 108 170 18 181 93 179 180 112 171 38 125 5 108 69 132 176 119 11 83 51 47 98 71 122 3 77 128 86 24 189 78 115 67 108 37 168 178 155 181 147 185 182 14 32 25 50 97 48 28 164 181 163 79 192 154 159 193 122 9 149 93 131 154 137 90 180 190 10 159 190 158 185 9 92 37 19 110 60 6 162 4 101 146 187 31 185 131 84 174 3 158 197 33 6 158 1 161 6 84 4 104 118 65 169 0 28 88 163 170 139 83 163 0 108 159 132 197 53 8 172 155 189 59 115 51 30 96 140 123 119 140 97 138 157 170 121 13 180 81 85 51 4 18 178 158 199 74 134 92 84 98 187 5 36 40 33 188 84 122 102 184 40 79 177 96 183 26 129 153 75 39 15 77 33 199 32 73 92 166 117 29 193 61 32 184 83 14 40 20 117 144 180 167 79 11 53 47 104 186 97 103 106 146 169 18 82 154 11 10 21 75 90 96 110 90 103 67 131 89 175 53 84 119 197 172 160 16 37 10 164 85 105 61 101 178 15 165 21 86 175 128 25 111 56 115 183 61 190 113 64 65 102 198 122 60 112 112 191 104 68 6 166 190 157 2 100 87 137 79 112 76 136 157 142 105 119 121 121 42 59 123 82 41 3 21 164 82 137 86 139 116 84 112 167 49 75 175 151 1 55 197 105 187 161 11 184 9 137 89 23 3 86 42 39 168 93 52 79 109 61 177 42 109 189 171 146 156 30 184 7 187 72 91 180 51 197 106 78 13 178 100 139 194 58 119 22 99 193 184 42 183 111 136 106 6 44 40 70 170 105 111 21 116 193 3 79 22 168 120 79 110 123 28 179 10 31 15 107 186 78 99 12 148 186 22 116 172 146 118 24 43 81 113 84 106 16 148 6 102 84 25 96 104 166 20 80 106 109 1 25 105 79 0 118 182 142 5 182 87 89 125 63 123 147 95 186 135 79 148 128 79 149 55 69 148 175 185 154 106 141 174 140 50 121 57 55 166 16 72 147 115 198 34 0 138 92 180 101 123 66 96 94 67 75 189 32 183 80 135 105 96 150 125 40 48 115 71 9 72 122 190 103 141 98 26 95 109 153 142 120 100 142 194 2 36 70 126 185 19 198 38 169 174 193 168 195 43 27 45 106 173 84 75 182 188 116 177 81 151 164 18 41 63 112 96 137 146 118 71 102 138 1 139 157 174 75 43 18 162 187 89 33 189 160 73 50 191 156 185 106 58 38 161 153 173 20 39 181 64 129 132 83 174 55 115 195 113 157 182 94 138 104 23 196 114 153 190 66 135 116 53 82 158 110 88 108 60 0 176 151 171 68 52 46 194 14 4 11 165 122 76 53 96 29 13 167 52 44 43 193 119 88 171 20 111 34 193 54 107 196 88 126 68 141 71 94 25 22 159 9 169 188 123 81 110 77 111 71 78 123 116 110 168 91 18 16 39 23 76 129 78 127 23 171 58 80 103 3 171 73 121 172 46 103 21 194 24 170 14 10 23 197 34 135 90 181 124 78 136 125 67 179 101 188 108 17 68 184 80 63 131 27 192 110 154 80 191 58 44 88 175 108 114 68 153 167 20 43 144 169 92 132 87 136 146 195 74 191 165 150 178 180 43 0 10 184 172 77 30 2 139 193 186 30 190 32 124 65 50 7 198 106 132 73 107 190 154 186 75 8 55 63 115 159 198 133 68 118 187 18 40 178 78 75 131 62 94 170 1 164 90 124 139 130 197 26 97 146 116 80 88 20 141 17 168 24 126 134 188 135 81 137 99 41 181 188 130 61 197 74 122 56 89 14 79 48 72 55 91 95 117 109 104 194 47 175 27 181 109 11 86 90 32 11 41 12 159 1 188 41 54 185 96 49 192 150 190 12 96 174 97 105 186 62 124 176 165 102 142 4 72 125 58 105 184 22 42 66 170 81 89 176 88 83 154 1 165 0 73 113 125 120 16 25 98 136 177 182 199 101 181 121 147 176 19 31 26 194 155 187 130 67 123 120 116 106 184 150 117 74 161 108 74 100 123 34 32 47 100 132 139 196 28 182 91 76 41 105 59 54 5 195 54 34 164 83 32 165 22 172 16 40 133 86 89 180 157 197 161 16 159 94 81 194 123 159 103 64 150 168 152 180 93 182 10 11 75 156 14 118 189 108 114 117 145 158 9 66 124 150 176 80 61 192 28 167 15 38 128 135 117 162 10 115 57 104 160 80 51 12 35 120 77 125 71 192 77 156 198
2438.864664 meters