file sh-17-mediumcontrast.jpg
nails 200
imagesize 200
populationsize 100
elite 20
genomesize 2000
mutation 0.001300
minchunk 0.200000
maxchunk 0.500000
iterations 17000
stableiterations 10
goodgenerations 100
burst 0.000300
threshold 0.030000
ring_diameter 2000.000000
thread_diameter 0.020000
save_every 1000
history_step 100
---
2000 0.020000 2000.000000  26 123 118 32 185 183 9 36 61 125 29 198 188 91 139 156 83 18 182 27 176 89 175 108 49 77 156 85 137 10 184 181 92 69 182 25 186 14 195 22 21 131 107 90 8 14 177 148 161 17 2 34 67 170 23 181 31 184 185 159 148 194 106 140 162 164 73 97 137 151 3 50 135 99 177 75 66 86 168 125 24 116 194 28 173 191 32 48 107 190 174 72 75 120 111 189 76 59 85 80 14 183 117 135 135 86 78 13 162 134 146 92 131 15 25 117 84 166 91 109 64 191 34 90 130 187 95 71 95 140 112 181 3 106 109 152 99 51 37 24 189 154 140 99 78 165 48 48 33 29 194 191 111 139 85 124 91 141 144 185 28 113 52 36 16 65 102 0 77 189 108 106 16 87 94 4 2 187 173 79 160 35 6 114 58 50 82 148 127 64 106 53 73 126 165 105 166 49 44 175 21 177 79 69 149 193 172 78 24 173 127 90 56 73 86 132 136 134 92 173 81 107 154 198 25 93 44 87 103 61 194 56 59 63 119 188 31 198 35 62 83 47 112 87 98 188 20 2 76 11 46 191 19 164 32 90 146 136 67 108 116 11 166 55 115 139 195 107 142 105 15 122 24 42 81 162 6 106 73 145 166 71 146 175 0 190 109 191 76 105 128 79 172 196 69 61 62 71 151 149 5 85 44 108 108 196 79 85 125 145 117 133 128 82 78 105 74 78 98 177 151 159 6 113 60 118 73 139 158 7 42 23 0 157 180 184 106 18 162 196 155 100 40 88 69 122 113 29 79 46 83 188 117 172 181 75 24 127 164 193 132 82 195 23 40 17 162 3 167 50 108 192 109 109 55 99 58 7 104 106 137 82 173 83 168 79 101 107 94 47 28 33 9 71 114 189 165 149 176 77 175 134 81 55 87 135 157 81 161 190 72 140 119 177 154 172 47 97 118 66 23 80 178 139 84 57 122 92 183 153 114 56 119 34 54 87 114 93 158 8 59 171 4 172 19 71 130 195 156 86 119 103 104 59 30 189 102 133 32 40 75 109 41 66 172 22 68 6 53 111 11 162 82 159 77 89 57 177 199 158 101 182 51 52 116 146 21 170 11 190 98 143 110 62 0 195 34 16 196 36 104 56 19 19 113 26 41 20 191 74 2 110 141 144 173 41 119 76 20 8 167 135 89 9 72 114 141 0 123 117 144 113 3 21 48 108 55 1 36 71 68 78 84 195 113 180 25 175 181 73 52 105 140 70 75 30 26 93 60 59 88 42 100 180 88 116 98 175 53 32 124 185 98 141 116 53 35 167 21 95 186 176 99 184 151 25 27 130 139 7 34 10 160 25 170 147 172 169 38 64 186 104 72 125 195 24 83 131 66 82 71 105 170 85 136 81 47 96 63 76 30 16 192 63 61 97 175 172 82 62 70 108 101 55 197 175 91 181 50 40 20 45 32 196 34 38 9 40 127 38 65 146 115 126 107 130 63 43 182 167 161 75 104 17 124 93 42 35 183 13 196 194 54 127 113 54 28 31 73 95 79 136 166 78 135 94 182 21 149 80 173 186 161 12 14 198 159 152 126 174 70 194 33 58 111 66 44 126 143 106 61 126 99 22 168 37 123 98 146 199 12 65 88 105 4 193 17 126 91 182 74 124 174 26 117 59 26 194 0 10 176 170 140 192 176 98 81 149 112 134 133 138 81 123 88 35 65 120 67 54 7 69 198 53 68 103 7 3 107 188 81 38 162 156 192 33 43 198 8 47 185 20 16 162 19 199 167 154 25 174 161 40 167 19 96 190 80 127 78 21 30 188 14 63 111 25 99 178 100 36 101 130 109 104 194 158 129 81 133 103 135 75 104 151 139 101 64 130 144 67 116 57 10 161 15 96 45 98 132 67 5 163 196 71 89 57 186 88 160 72 98 187 72 121 59 83 60 18 75 157 198 19 195 15 70 39 40 181 21 164 148 172 76 142 116 183 160 150 152 121 76 39 112 81 196 14 179 138 90 61 123 17 149 143 107 54 196 156 137 84 6 186 89 139 164 133 41 175 99 191 189 136 128 63 60 98 186 131 70 197 113 96 139 137 161 114 70 175 172 132 47 45 89 51 130 156 14 56 6 174 73 120 191 50 20 167 197 101 132 68 58 37 167 156 168 3 11 96 142 199 38 71 125 83 22 124 97 182 179 101 170 72 44 40 163 14 157 83 108 75 48 91 8 161 193 53 168 196 195 177 152 76 23 123 159 5 158 109 162 1 179 70 196 75 171 102 77 19 29 47 141 169 14 111 126 83 153 108 36 80 82 21 51 12 174 27 88 72 194 191 62 117 56 56 85 102 83 27 121 147 188 185 18 36 30 49 92 43 22 166 181 163 79 187 154 156 191 117 9 159 84 131 148 138 93 181 188 13 160 193 157 189 6 140 87 131 111 61 1 109 29 177 159 104 70 170 158 110 195 77 122 59 128 187 88 101 5 107 60 84 72 166 116 80 10 73 87 63 74 132 69 53 77 12 159 102 50 90 176 91 54 95 59 62 170 177 100 39 21 54 112 145 102 138 96 26 16 86 14 9 39 18 110 40 42 164 17 112 97 187 36 107 72 75 184 62 116 192 165 76 127 185 106 133 85 38 93 182 55 92 116 35 120 90 131 120 24 3 173 50 104 89 122 175 5 1 24 175 76 93 23 174 181 32 0 138 160 196 44 171 162 145 123 139 12 160 1 116 197 80 135 135 0 150 158 3 174 65 97 132 70 120 110 63 112 57 106 43 65 169 5 26 48 173 78 48 104 144 115 117 146 81 18 174 78 82 115 86 129 102 196 22 178 179 29 199 10 23 129 143 104 106 50 15 160 5 134 160 16 79 69 134 158 139 109 115 117 120 40 61 118 80 42 199 135 91 96 183 188 110 67 38 15 68 125 127 25 42 101 30 82 4 30 193 18 73 149 171 39 168 150 11 161 16 90 76 98 84 98 131 88 127 193 178 89 47 68 62 64 89 22 20 197 161 78 102 52 80 168 194 46 105 86 126 114 20 100 94 183 42 182 114 92 137 138 91 31 193 111 91 180 93 58 123 28 30 180 103 37 194 176 78 191 31 186 0 34 123 119 189 96 185 105 62 2 82 104 96 127 85 194 114 179 182 1 156 132 133 91 65 129 3 160 198 100 190 50 96 186 190 178 117 77 183 95 170 18 20 103 77 134 74 114 158 6 17 108 80 163 106 59 189 13 165 15 136 156 133 70 99 13 171 180 44 106 70 8 25 73 158 4 139 49 66 63 72 129 99 0 168 15 46 137 165 109 104 165 168 194 111 74 11 3 52 183 103 195 175 28 52 88 138 105 60 128 108 193 194 125 121 57 33 46 43 186 11 153 136 46 120 167 48 79 193 169 1 46 25 45 99 172 84 75 182 186 115 175 86 157 162 20 44 62 115 95 141 147 123 68 118 137 1 140 151 164 20 163 186 192 31 182 29 184 154 134 28 187 57 109 108 59 39 162 153 171 17 38 188 65 122 129 80 175 55 110 192 111 154 181 94 11 15 88 10 159 36 43 27 95 69 41 30 7 38 2 198 119 64 171 74 43 41 140 3 139 88 86 159 132 64 1 122 123 86 21 15 41 48 192 107 71 154 82 97 188 8 39 89 7 168 56 33 189 196 56 167 23 10 61 101 68 133 132 179 28 15 32 183 22 94 117 3 14 81 84 45 69 147 118 110 26 180 89 117 18 161 178 183 164 16 10 72 132 114 195 71 131 5 69 180 198 49 194 30 192 113 100 58 118 54 14 57 83 19 187 169 93 179 80 1 199 35 26 177 24 33 111 156 76 84 107 199 160 17 165 12 118 0 107 58 153 131 69 100 141 105 53 57 189 109 170 150 9 92 61 174 152 103 190 158 189 100 186 33 187 31 124 60 43 12 197 105 133 74 108 187 155 186 67 6 61 62 121 199 191 23 118 142 102 27 153 168 184 32 11 177 94 58 73 153 173 75 56 122 3 36 64 92 191 179 178 98 41 55 78 78 147 141 166 15 101 100 179 190 168 23 104 58 167 176 71 50 13 34 4 28 122 11 36 5 75 128 76 21 116 168 111 75 122 184 171 76 78 2 152 184 193 29 181 117 163 160 190 4 85 42 96 160 83 138 124 178 13 157 129 178 168 104 145 7 70 130 62 104 185 24 42 68 172 85 90 174 87 85 141 4 167 5 77 100 187 21 74 113 142 69 124 75 176 15 175 1 27 90 116 74 197 87 66 39 179 147 90 137 172 26 131 94 43 30 179 66 89 69 115 148 6 105 65 131 167 152 170 94 102 182 89 2 167 198 122 82 36 46 64 103 81 97 60 112 20 182 158 185 120 125 109 124 112 117 30 62 172 97 196 165 194 129 79 123 33 163 0 134 73 150 170 65 123 144 196 59 75 70 58 122 74 163 30 104 130 78 66 190 25 169 13 38 121 131 118 162 9 110 51 98 161 80 50 23 190 171 25 188 133 96 173 84 124
2408.549369 meters