file sh-7.jpg
nails 200
imagesize 200
populationsize 100
elite 20
genomesize 2200
mutation 0.001300
minchunk 0.200000
maxchunk 0.500000
iterations 17000
stableiterations 10
goodgenerations 100
burst 0.000300
threshold 0.030000
ring_diameter 2000.000000
thread_diameter 0.010000
save_every 1000
history_step 100
---
2200 0.10000 200.000000  122 130 119 84 116 142 106 199 121 105 174 174 75 108 134 18 97 76 193 105 78 117 109 6 160 2 144 0 111 109 72 95 31 88 118 126 157 83 160 125 81 69 35 180 171 22 153 72 48 34 53 96 89 92 154 127 103 172 78 135 185 112 87 43 5 140 181 73 148 115 150 48 146 138 89 171 111 130 19 153 14 28 163 120 68 72 121 128 72 126 129 173 145 197 74 40 194 103 63 126 44 76 77 151 13 49 44 190 41 38 33 40 193 193 118 196 146 6 94 89 42 117 90 120 87 100 56 188 62 144 106 20 125 131 73 35 26 66 193 34 106 140 169 77 74 83 173 170 30 86 168 128 71 4 8 121 3 5 106 171 19 156 76 78 187 191 59 197 93 64 89 49 91 110 199 119 62 98 25 167 142 104 61 99 184 35 120 66 98 96 78 41 102 102 145 112 69 77 167 117 19 17 151 70 130 175 175 134 146 111 162 96 134 153 152 18 111 182 38 29 61 57 50 48 26 158 174 25 33 175 80 103 98 63 156 125 45 28 25 158 121 20 18 50 128 68 106 111 184 134 156 34 58 28 104 57 35 127 93 126 99 75 184 113 129 30 44 147 196 66 179 139 192 192 103 64 41 195 196 120 55 23 155 156 128 175 178 73 124 77 127 33 26 185 57 141 138 188 114 197 42 66 16 152 5 122 71 92 132 117 191 138 183 47 120 25 71 119 194 118 98 80 165 53 191 101 59 173 78 68 64 178 107 72 189 34 171 125 93 157 23 53 199 148 131 50 87 117 93 146 144 150 131 169 172 82 133 90 88 85 13 131 83 31 165 150 12 152 132 102 136 181 140 64 63 95 179 56 168 102 45 152 21 127 27 54 187 138 73 43 165 197 166 32 34 170 74 103 56 30 49 153 181 85 189 4 4 144 141 116 100 115 185 111 73 180 17 116 67 108 66 48 38 75 40 185 199 65 101 102 71 125 2 118 134 102 85 60 69 104 137 112 72 51 111 134 30 103 55 48 5 44 77 0 123 134 85 53 105 176 34 126 151 181 166 143 40 155 37 157 10 153 90 35 50 101 120 143 196 56 104 49 164 50 81 34 175 108 58 199 9 153 136 100 8 127 82 80 157 22 84 78 136 121 123 38 76 39 61 3 148 87 46 4 111 7 128 21 21 91 80 40 188 73 114 16 74 122 68 97 87 135 126 140 127 89 189 73 58 50 21 92 189 88 19 113 78 124 87 126 116 108 59 151 20 58 110 105 146 119 131 95 34 67 33 64 30 36 156 25 62 59 95 124 112 57 0 146 171 57 41 46 33 171 45 41 29 134 33 60 174 90 113 72 122 199 104 100 144 67 141 184 36 181 32 126 96 199 113 189 189 155 113 182 76 75 153 191 115 128 149 192 166 32 71 98 41 177 140 164 146 100 62 31 63 36 71 1 144 144 139 36 44 79 96 5 75 54 93 86 109 134 74 69 176 31 167 32 86 130 91 83 91 53 42 194 181 68 121 137 139 182 92 129 160 96 178 154 23 132 80 27 165 73 18 98 138 115 190 139 90 25 27 27 122 162 132 154 159 184 129 82 109 198 199 117 74 123 77 51 161 140 95 138 104 51 92 127 71 121 118 104 102 12 31 171 52 80 195 107 74 121 81 42 39 95 159 153 126 108 38 45 95 105 154 62 33 32 60 34 92 83 123 142 44 177 110 78 93 73 36 124 72 156 79 69 1 5 7 42 0 115 146 126 88 150 108 191 187 151 78 30 164 165 59 105 84 198 119 144 115 151 88 69 110 56 108 78 83 150 19 165 12 35 172 172 89 114 97 185 16 91 171 170 31 157 184 34 69 43 83 113 67 157 129 84 118 106 154 77 47 193 141 143 6 154 112 150 55 91 116 163 147 195 140 157 82 174 194 144 11 153 154 5 13 150 71 54 56 85 51 99 39 70 75 133 91 61 118 71 97 58 152 140 98 96 189 84 100 140 104 169 25 87 170 86 156 81 132 75 41 141 12 22 152 184 136 141 190 2 91 173 81 199 123 88 45 122 89 2 130 81 75 180 94 108 89 63 102 170 78 36 176 107 93 176 129 153 185 76 41 31 169 27 166 180 143 189 90 74 37 197 147 3 125 162 8 76 93 94 139 155 140 194 154 154 152 75 89 175 31 124 82 85 167 176 92 198 83 127 151 5 74 81 52 149 87 134 135 83 189 100 51 86 131 163 20 149 198 107 99 94 83 12 4 25 170 168 23 119 93 59 69 71 161 28 29 186 49 80 133 32 175 137 147 128 75 35 174 119 51 187 28 27 130 136 122 144 136 97 78 132 168 150 47 36 192 105 129 77 104 46 110 40 186 138 39 191 102 67 87 131 153 20 187 101 71 39 146 11 73 108 5 17 94 160 85 149 53 110 124 5 8 45 112 90 175 74 114 85 83 181 145 2 69 188 113 48 100 118 192 142 162 124 172 189 87 94 76 17 73 155 10 140 110 131 70 116 152 6 125 5 110 59 94 104 170 34 135 107 108 195 42 86 133 179 130 157 32 169 79 122 2 9 45 106 50 4 170 33 68 86 83 197 112 117 72 120 162 29 163 0 71 143 45 131 79 196 50 198 184 38 192 35 175 147 13 14 14 186 189 76 117 118 198 186 48 165 99 70 180 96 116 136 55 27 160 23 161 22 154 125 75 81 63 107 139 114 66 70 124 157 144 152 13 169 33 120 153 21 105 173 51 41 72 135 181 70 12 50 92 38 193 138 99 124 155 126 186 112 138 184 154 69 130 109 63 188 191 56 37 193 197 109 183 139 166 59 193 191 119 95 156 5 42 58 8 123 139 148 18 47 160 5 114 1 99 132 16 62 114 17 156 41 91 137 93 132 149 107 140 30 28 79 161 143 186 175 85 48 170 101 169 135 46 31 42 176 91 48 106 21 167 23 126 6 149 101 60 98 160 42 141 162 24 50 92 16 154 21 185 100 73 16 184 123 6 138 68 112 157 25 106 76 125 102 193 101 182 34 30 159 31 42 145 99 164 31 65 109 49 9 46 50 99 73 41 128 48 133 31 122 67 72 75 130 125 158 43 47 176 132 136 144 171 72 127 81 160 151 197 66 145 106 126 74 187 18 149 150 182 110 63 99 188 188 102 59 130 79 127 163 198 106 44 47 85 164 164 115 5 162 30 125 72 36 119 67 174 131 83 49 107 67 115 76 73 75 73 127 56 39 184 184 124 135 81 113 63 34 191 187 39 75 126 22 26 63 108 139 12 105 50 194 66 38 185 147 135 196 103 45 79 38 180 109 153 113 69 50 54 141 198 85 38 53 169 181 97 29 49 25 95 157 21 59 15 161 144 59 96 118 151 47 22 80 62 70 37 40 190 98 67 188 126 77 89 196 197 85 138 135 150 128 37 183 39 189 106 173 65 188 79 71 71 172 20 124 22 52 24 23 156 104 37 177 147 110 167 181 96 141 195 62 109 57 100 68 37 36 80 150 148 161 44 144 137 159 41 193 195 142 72 80 43 149 171 73 42 44 36 174 7 150 137 177 31 51 51 194 195 195 48 31 121 65 178 109 14 88 16 52 29 133 161 121 124 131 147 136 177 50 155 12 47 187 137 163 118 190 101 48 169 173 133 104 97 84 98 159 14 190 190 99 177 90 41 44 82 112 64 88 123 1 145 82 161 47 172 104 60 152 61 52 85 132 32 168 130 0 114 187 97 73 19 172 105 161 136 106 141 109 151 55 81 11 48 30 114 189 156 82 101 80 86 129 96 112 125 161 174 117 171 102 84 169 15 160 91 69 32 153 103 10 162 83 115 162 133 176 70 111 77 15 146 182 180 89 50 9 122 15 15 73 150 184 145 116 82 118 128 173 122 179 179 141 192 41 24 118 113 148 121 95 82 196 195 112 198 150 157 123 79 105 114 167 151 14 74 45 101 139 97 132 116 8 149 70 49 161 116 188 183 142 42 166 30 68 144 105 102 98 107 133 117 64 125 7 9 26 174 89 135 180 180 33 38 69 99 30 37 191 145 1 122 114 60 24 152 141 187 111 148 19 173 88 3 8 51 91 90 155 84 136 30 123 151 6 2 60 30 155 77 152 114 190 105 198 131 113 76 128 128 133 128 40 77 161 81 99 130 103 190 62 107 77 130 115 196 194 41 97 65 117 137 30 105 101 44 4 43 76 107 103 81 119 195 143 112 156 30 47 198 197 158 123 21 49 73 54 171 141 123 177 106 149 144 159 116 189 75 15 67 11 169 161 86 121 22 155 80 128 88 83 18 117 168 18 19 168 93 160 192 116 68 188 75 44 89 137 176 160 78 42 10 164 20 20 155 5 182 180 108 132 109 174 30 124 106 110 93 134 178 111 15 115 60 90 80 115 189 103 168 33 93 5 126 61 97 48 44 160 20 147 19 118 157 24 120 104 191 125 77 117 195 1 159 72 136 162 86 48 83 92 155 130 134 89 147 2 148 101 196 78 154 145 179 88 122 3 97 21 120 159 27 128 31 39 31 166 174 33 125 165 145 110 198 64 190 104 79 133 77 120 174 36 96 88 74 138 34 49 74 88 137 183 135 29 33 135 82 60 106 86 50 161 122 73 119 98 47 177 48 82 12 79 179 148 91 147 86 134 82 198 111 83 46 76 139 178 93 141 10 129 158 137 85 72 91 182 28 52 98 183 112 120 29 57 94 177 36 46 105 55 165 30 36 193 41 70 30 158 115 68 160 49 96 23 163 166 134 94 68 114 61 169 152 161 84 162 21 45 63 112 92 135 149 118 73 115 145 7 164 132 161 128 133 169 103 173 104 113 106 70 122 145 133 157 14 181 133 86 142 177 125 70 110 183 192 107 121 76 30 163 186 186 122 80 130 95 187 98 32 65 122 6 161 35 193 64 35 176 180 88 197 108 120 70 95 68 103 57 21 151 119 74 106 109 61
2702.089448 meters