file sh-2-highcontrast.jpg
nails 200
imagesize 200
populationsize 100
elite 20
genomesize 2800
mutation 0.001300
minchunk 0.200000
maxchunk 0.500000
iterations 25000
stableiterations 10
goodgenerations 100
burst 0.000300
threshold 0.030000
ring_diameter 2000.000000
thread_diameter 0.010000
save_every 1000
history_step 100
---
2800 0.050000 200.000000  50 96 92 110 87 143 92 119 52 105 73 163 35 56 170 137 106 60 16 19 35 101 114 84 190 24 41 45 91 7 94 122 20 159 180 104 148 95 40 30 178 76 123 156 119 103 56 102 135 76 142 115 0 153 78 137 30 27 182 92 41 108 58 176 102 137 75 105 157 122 62 152 189 78 75 18 82 45 8 111 49 30 71 111 52 113 100 100 189 21 79 50 190 53 147 179 82 155 73 40 106 15 168 20 128 6 151 103 61 106 164 44 132 163 21 43 91 18 161 19 180 103 72 18 181 135 107 59 89 128 69 34 7 72 126 104 195 101 182 29 21 160 29 57 143 97 162 36 72 112 49 17 42 44 101 72 52 120 59 127 42 111 62 62 67 126 123 153 42 53 176 133 140 145 180 68 132 76 164 154 198 64 126 141 85 146 191 53 192 99 184 108 97 107 44 41 12 173 145 104 138 161 120 197 107 91 161 99 46 32 189 56 137 108 149 87 96 118 195 165 188 98 159 87 115 54 73 75 38 35 10 153 160 137 140 95 107 199 160 30 8 152 129 176 135 168 94 133 81 39 71 130 125 78 81 166 17 46 47 41 111 68 179 119 122 67 157 194 13 13 82 110 147 102 78 129 172 130 193 35 81 63 54 178 81 144 96 182 46 125 141 88 178 71 36 39 74 196 70 113 1 115 84 176 169 96 185 110 141 185 62 125 0 139 138 84 129 138 38 88 30 138 101 66 15 159 18 43 114 125 3 148 128 166 152 16 93 134 160 59 130 70 35 13 109 0 196 156 110 63 150 125 121 158 78 33 190 116 16 42 168 18 41 165 75 175 126 69 87 183 63 40 105 109 149 115 154 131 88 145 80 139 177 27 46 165 4 61 131 159 100 97 87 41 99 20 14 31 37 76 84 134 63 31 40 50 108 86 141 189 94 49 25 101 43 96 41 176 101 96 80 123 91 74 143 193 155 121 83 16 63 119 167 19 157 153 67 3 65 137 180 26 190 54 90 146 146 104 43 165 92 80 192 182 157 119 197 197 115 145 50 12 80 112 70 146 196 13 81 114 159 116 83 44 114 109 51 46 13 116 72 123 65 159 89 45 51 114 109 157 17 92 5 171 96 44 189 19 68 103 54 104 35 59 93 63 133 92 26 188 38 77 120 166 133 100 60 75 55 120 117 150 112 137 83 156 79 79 170 49 92 166 91 181 136 118 69 31 180 135 93 57 100 69 114 163 134 181 106 104 71 195 182 44 191 119 57 111 108 160 13 136 185 146 40 168 25 66 137 104 106 93 110 137 116 62 127 3 196 29 181 92 141 183 182 30 33 60 103 44 29 193 150 199 122 117 60 31 141 141 188 111 151 15 175 88 3 3 50 92 91 154 82 141 74 124 150 5 6 73 38 80 55 125 128 43 81 128 169 3 37 95 16 142 171 171 48 32 0 36 55 118 78 139 52 74 95 143 161 129 74 97 39 94 100 41 106 110 199 166 93 144 154 17 81 99 48 85 160 144 195 106 66 45 111 155 192 192 115 66 179 140 129 177 103 152 145 161 117 192 72 16 75 9 169 159 86 126 20 162 82 126 87 84 18 119 174 21 18 172 98 153 194 116 67 182 85 43 94 132 174 164 75 37 1 163 18 18 158 13 176 185 111 131 109 28 193 119 106 109 90 135 184 110 17 121 60 97 81 116 192 102 175 47 96 6 127 61 18 157 98 138 64 114 65 106 159 164 38 95 169 127 73 115 193 3 158 65 131 161 89 48 80 36 143 138 133 88 4 1 154 101 191 84 158 148 183 82 121 1 35 15 119 170 27 128 36 43 22 168 170 47 119 166 147 111 197 199 151 82 100 24 199 112 154 166 95 91 69 135 113 62 112 117 113 161 136 80 138 133 36 33 72 15 26 174 71 159 16 118 50 176 51 77 28 86 181 148 91 140 82 142 81 0 112 85 45 68 60 180 86 145 16 128 153 140 85 90 38 69 3 57 73 135 64 3 123 161 21 120 63 86 119 172 81 40 198 172 179 163 133 64 34 144 99 71 164 167 132 0 138 70 94 50 197 195 142 77 132 151 181 30 139 149 67 4 3 198 28 126 63 39 169 192 146 93 143 0 122 8 100 85 133 142 111 46 90 120 199 34 3 149 13 83 38 33 5 68 114 156 187 16 117 17 50 66 81 21 5 154 16 78 37 82 118 3 51 111 140 104 55 130 109 156 103 39 164 11 175 44 133 73 165 176 130 62 199 121 62 67 135 154 80 131 112 117 198 27 126 6 176 105 184 19 76 12 57 106 180 13 21 181 102 79 141 29 188 170 167 2 36 8 154 116 94 47 34 194 127 90 70 188 190 83 142 75 82 199 35 97 130 135 91 20 164 40 48 174 93 48 181 54 36 104 104 60 109 199 28 50 113 54 38 26 29 198 103 100 93 150 155 12 13 170 55 65 86 157 114 190 61 150 9 132 129 61 13 179 29 109 83 130 30 25 32 182 49 105 67 130 171 158 167 95 101 178 87 55 147 5 139 71 134 116 117 62 97 68 66 113 138 61 36 179 136 176 122 17 77 56 98 61 161 143 82 0 123 162 62 89 179 148 160 19 179 107 182 55 198 44 41 177 93 134 98 27 196 3 110 151 125 122 1 124 69 120 18 93 118 116 56 109 88 24 37 77 16 91 180 105 105 68 119 196 59 138 113 47 89 2 195 105 86 17 44 40 25 179 59 74 84 49 103 88 161 11 155 149 9 99 25 96 145 177 73 70 32 196 0 199 27 176 163 22 90 8 173 58 116 193 103 119 61 181 5 4 109 198 31 7 142 161 112 71 91 86 39 100 84 106 51 28 197 148 107 192 32 46 36 198 33 188 32 28 139 184 171 24 27 51 144 194 78 36 83 157 52 60 49 125 64 108 131 107 54 88 142 121 73 45 14 133 183 78 138 181 148 145 34 67 46 95 180 152 15 120 156 198 108 76 129 41 130 133 66 126 34 196 36 129 164 78 78 54 56 128 140 84 76 134 25 185 26 75 111 73 98 38 33 197 37 97 84 111 113 188 147 195 33 63 1 34 2 2 112 28 65 111 103 148 10 67 77 121 67 158 113 45 154 41 43 103 96 114 13 123 112 10 102 45 189 137 165 167 143 194 190 34 78 132 70 77 175 85 134 125 4 65 124 68 160 179 23 96 17 164 43 2 165 19 45 171 168 120 93 147 167 167 0 108 183 86 152 199 142 187 33 98 128 95 145 181 158 140 176 21 177 130 65 30 177 7 157 41 23 49 76 92 84 143 115 156 17 127 173 77 174 16 178 5 125 180 136 149 137 124 166 187 157 159 154 94 166 136 30 53 109 141 122 59 34 198 7 197 75 72 29 175 187 2 173 47 64 56 197 198 114 169 50 30 35 146 153 143 64 68 32 93 65 92 132 146 111 148 194 173 173 115 152 157 15 156 160 27 187 181 137 116 48 105 51 35 64 120 136 90 178 158 24 174 154 7 160 18 99 168 97 185 28 26 173 173 98 7 82 137 86 125 63 68 52 88 147 147 87 120 57 86 184 112 89 191 102 197 118 108 72 84 139 29 176 172 28 59 98 165 90 140 29 90 30 68 3 84 27 62 91 40 15 150 119 118 58 94 146 143 171 132 64 107 194 101 124 167 173 28 175 117 146 172 4 151 43 108 5 9 112 47 92 51 117 191 77 102 84 73 7 159 160 121 110 48 88 134 180 178 114 77 113 129 72 136 115 50 40 59 175 130 73 128 72 90 167 25 97 55 115 2 113 59 135 62 88 57 175 45 121 198 35 15 116 138 136 26 176 66 182 136 146 69 4 122 70 133 140 75 17 53 28 78 48 112 139 72 136 79 123 61 187 91 17 160 186 97 73 35 61 34 82 49 88 79 139 150 6 63 182 100 53 105 100 36 2 52 11 152 152 83 30 39 19 185 33 199 144 127 79 98 61 100 120 194 146 106 113 44 2 156 65 2 86 33 62 77 40 89 19 158 170 96 29 32 38 197 69 44 79 39 49 168 122 159 10 63 95 64 30 125 70 119 159 85 83 171 53 34 83 154 135 0 144 191 140 77 11 66 134 138 171 16 155 128 28 125 67 134 82 113 148 94 171 27 123 129 64 192 118 158 5 56 117 110 69 21 93 145 130 114 47 81 56 188 146 171 40 22 41 28 199 124 61 116 142 102 128 5 171 133 117 71 68 121 54 91 126 89 97 149 163 26 186 29 163 122 88 91 44 40 86 138 172 168 161 109 27 27 125 146 7 131 151 186 148 99 35 144 83 128 172 51 72 49 193 154 87 160 167 24 32 6 93 40 183 101 157 153 154 100 60 85 67 80 151 194 149 91 137 187 112 149 183 149 103 178 65 86 52 191 193 174 19 121 184 72 190 145 98 54 189 34 94 183 144 119 198 31 179 152 85 52 112 58 179 191 191 174 3 4 160 71 124 58 139 146 0 61 118 191 74 161 157 111 56 30 70 17 167 23 186 168 145 101 149 166 2 159 9 157 158 162 118 196 115 126 84 127 108 144 147 198 197 104 151 63 121 166 144 190 117 55 132 176 30 190 157 56 112 167 110 165 65 62 128 60 113 190 147 4 154 15 84 77 127 32 10 154 104 136 85 78 42 85 127 25 174 28 189 147 120 123 75 56 19 106 145 198 77 192 70 131 161 161 104 72 46 100 71 136 192 149 106 178 62 183 57 159 186 186 55 114 164 23 58 159 84 39 13 155 103 98 22 162 128 59 118 102 161 22 54 92 122 177 22 170 8 153 176 177 176 137 88 110 187 147 199 115 74 113 84 67 128 64 139 89 99 124 153 2 127 165 128 3 145 84 117 53 110 42 88 83 175 53 76 105 0 151 171 144 182 135 26 26 139 176 134 69 18 129 178 135 40 150 95 74 109 169 26 105 150 180 178 26 47 56 110 50 192 103 123 4 79 124 131 71 73 103 126 120 146 91 165 23 191 82 166 7 70 136 96 64 161 107 181 83 53 199 149 71 102 141 175 128 25 125 177 141 144 132 102 63 173 52 174 53 50 116 128 61 110 153 180 90 41 83 19 103 122 86 107 67 35 32 67 2 126 178 28 42 18 32 11 40 104 42 31 186 108 68 129 101 60 53 116 132 175 100 62 149 181 32 76 3 70 37 89 181 58 77 59 115 150 36 1 116 135 130 72 165 158 139 185 143 143 101 8 178 18 74 123 139 77 161 16 62 126 155 80 117 164 12 151 93 35 195 145 91 25 177 149 0 114 70 106 71 129 128 164 107 153 16 51 170 37 80 141 179 9 153 169 2 174 83 129 80 58 60 133 122 118 78 104 68 196 155 17 43 26 95 183 125 60 131 9 14 83 141 97 124 106 87 124 162 153 192 66 80 94 115 14 118 104 41 43 150 106 142 65 182 125 166 122 149 126 68 155 81 119 155 50 80 75 33 189 115 160 125 65 127 26 25 106 1 5 199 1 143 111 1 58 85 3 155 52 108 54 55 178 125 58 54 197 106 39 71 20 178 79 120 90 186 110 192 185 169 37 190 100 106 55 107 183 99 141 121 154 61 83 133 177 138 89 132 119 54 112 133 67 131 131 66 130 8 174 102 177 78 141 191 68 59 109 152 39 76 102 108 165 10 158 87 179 138 182 150 108 78 160 66 109 44 197 150 4 178 138 85 143 144 77 18 126 90 148 0 121 90 144 56 70 5 165 1 193 102 123 147 146 33 18 169 98 150 90 64 72 75 128 122 76 14 67 142 98 89 3 34 192 144 187 96 57 35 175 173 121 197 17 190 52 107 133 159 124 124 165 131 193 199 36 63 49 67 84 125 127 85 41 76 162 178 192 139 160 193 127 131 97 86 37 66 33 89 51 95 75 44 92 20 160 146 197 79 176 9 170 174 100 131 147 100 176 18 162 153 15 132 121 85 44 99 153 114 137 69 102 50 172 38 150 2 77 160 73 124 66 187 75 183 135 78 106 154 113 102 40 97 171 148 120 159 75 135 82 157 125 153 199 29 48 95 129 173 123 85 187 138 68 112 86 1 38 171 6 109 93 5 151 77 10 76 60 105 144 94 80 19 184 178 131 169 141 157 11 156 140 166 68 96 98 114 117 15 114 57 125 96 45 166 190 139 160 82 167 127 100 27 179 65 120 162 25 102 24 117 14 70 137 72 19 198 123 152 3 192 83 40 62 108 160 76 52 99 105 135 87 73 134 124 124 55 76 140 192 114 146 108 147 113 49 112 81 129 8 164 6 68 115 191 143 80 42 22 120 178 89 22 181 56 132
3473.326934 meters