file sh-2-highcontrast.jpg
nails 200
imagesize 200
populationsize 100
elite 20
genomesize 2800
mutation 0.001300
minchunk 0.200000
maxchunk 0.500000
iterations 25000
stableiterations 10
goodgenerations 100
burst 0.000300
threshold 0.030000
ring_diameter 2000.000000
thread_diameter 0.010000
save_every 1000
history_step 100
---
2800 0.050000 200.000000  106 129 106 92 182 31 90 186 169 7 6 113 126 4 124 61 58 143 109 140 190 39 16 69 97 75 152 186 147 194 120 24 81 157 76 174 8 149 98 98 91 19 173 25 122 125 103 176 29 69 167 130 77 175 16 28 36 40 88 129 91 43 164 23 195 9 31 66 40 40 70 32 70 184 184 184 143 172 97 22 88 116 151 173 72 15 69 121 60 93 147 193 151 110 113 114 158 196 197 102 18 165 4 89 39 86 131 57 30 192 38 101 189 113 185 150 184 95 167 68 3 165 65 45 98 148 148 152 44 89 74 136 151 95 122 161 17 47 143 0 137 72 96 39 145 59 16 160 21 66 2 118 92 34 63 125 68 55 192 38 74 198 64 50 21 161 61 120 198 81 95 25 44 85 108 141 77 17 158 72 184 97 43 58 95 37 92 44 53 107 160 57 191 141 177 29 82 139 59 51 121 102 104 178 175 120 63 117 72 119 66 178 56 64 154 79 183 58 130 103 193 73 135 80 131 157 160 143 182 138 183 69 79 170 4 58 29 96 101 123 125 97 170 46 34 15 198 147 188 112 107 11 113 157 63 108 150 166 127 70 179 5 17 57 3 48 47 79 181 139 161 115 21 78 140 180 182 26 170 125 71 52 76 141 85 191 114 189 21 121 57 112 117 69 106 105 147 100 128 66 165 191 101 142 185 96 107 41 27 182 65 128 69 122 65 51 101 85 26 57 80 4 171 138 176 186 32 35 198 108 50 75 78 120 54 121 141 192 100 57 183 108 106 78 167 23 113 84 44 83 53 17 156 155 184 109 151 3 153 102 135 176 5 2 182 134 161 19 168 9 148 88 83 119 73 121 98 108 119 122 4 142 99 37 57 117 167 22 22 187 110 53 27 131 116 191 140 145 181 135 82 121 83 154 1 125 134 67 130 63 38 56 85 129 7 152 198 77 189 192 146 88 141 65 127 55 30 177 49 94 166 122 67 58 84 80 165 169 49 76 124 109 194 148 118 66 36 101 94 149 101 18 161 95 182 48 167 91 108 89 66 107 79 139 29 179 130 65 105 182 85 132 133 116 155 15 67 190 154 7 150 139 112 63 109 133 106 139 70 126 40 96 170 153 198 16 161 121 62 127 110 67 160 149 155 188 34 194 160 88 142 159 20 76 61 176 78 145 198 118 176 125 3 99 152 93 188 141 179 18 19 131 119 55 190 33 80 141 107 142 1 154 3 39 111 1 174 118 81 143 94 134 160 2 63 18 187 115 193 19 93 136 92 21 162 18 34 2 125 36 6 126 65 117 82 144 182 106 65 13 134 184 76 183 62 124 2 185 108 116 146 152 195 53 75 197 178 138 136 174 140 160 19 33 146 198 112 151 133 198 106 64 58 13 84 65 185 109 84 92 38 51 176 179 36 65 30 134 71 159 102 130 82 133 49 134 102 175 117 67 70 146 131 87 86 140 104 106 50 47 94 86 137 67 175 39 137 75 113 141 83 38 136 178 20 161 146 195 106 25 101 94 102 56 118 88 83 17 64 74 135 67 18 100 156 178 100 65 129 77 117 190 24 96 77 118 155 130 139 141 187 156 83 192 164 44 112 64 33 143 83 62 2 41 106 19 15 45 92 70 134 68 19 133 167 168 126 3 54 0 72 124 98 191 41 191 81 98 46 169 47 61 128 62 105 150 0 86 91 78 79 102 82 108 51 84 102 128 194 181 63 141 199 60 40 30 35 75 175 121 17 22 185 143 196 40 129 148 36 96 94 19 182 56 114 45 31 63 81 166 172 74 133 130 61 1 178 25 60 128 161 7 60 177 20 118 199 121 71 43 92 138 29 187 109 180 30 36 65 38 73 126 77 69 100 51 172 19 159 181 20 91 138 97 126 174 26 162 117 56 35 145 124 58 122 144 88 143 166 38 163 15 73 36 26 38 33 129 8 171 181 22 41 58 28 172 91 87 49 140 93 165 23 44 182 182 151 65 192 75 115 197 2 64 134 99 61 139 144 192 117 162 180 26 189 65 123 89 55 4 181 181 133 79 12 166 123 150 118 118 73 108 64 176 191 67 55 128 158 136 183 94 144 31 193 143 171 97 69 115 72 43 68 58 111 113 123 151 77 134 46 36 76 103 147 137 67 133 161 68 130 130 134 179 149 109 50 44 0 62 67 124 145 156 96 181 8 139 6 175 79 119 197 0 198 198 109 85 29 198 123 3 90 130 165 6 149 182 133 165 5 190 189 112 45 160 6 158 21 93 115 132 34 8 155 60 70 52 123 161 3 32 42 25 33 28 198 140 72 188 111 159 18 168 127 68 114 71 41 88 27 176 162 138 79 134 176 45 43 100 172 41 39 97 90 107 1 152 4 54 179 89 162 15 39 130 29 178 2 119 153 193 99 77 121 148 0 186 107 180 27 91 44 16 14 37 7 199 27 106 126 27 187 79 178 129 135 76 147 125 132 179 58 89 129 132 89 161 157 72 36 71 98 78 136 190 105 99 93 50 79 110 82 39 101 67 173 28 16 28 46 79 135 99 55 47 112 31 181 28 49 25 175 130 91 132 131 109 38 8 111 74 192 154 122 77 192 102 85 145 87 147 127 59 94 5 60 32 56 110 138 133 89 36 77 174 101 55 64 182 28 33 60 18 96 62 3 84 41 17 36 79 36 2 159 180 175 29 90 48 107 143 199 65 119 195 194 116 153 153 123 73 30 138 159 120 16 172 152 67 139 189 100 34 51 2 152 5 166 92 122 70 13 81 51 115 191 153 42 53 113 109 6 125 20 21 172 26 114 77 44 90 149 13 40 85 63 127 127 62 29 47 62 24 129 68 32 138 180 31 198 2 114 41 19 25 134 166 111 90 69 2 37 85 41 180 59 132 82 71 69 129 58 78 72 57 151 7 162 88 75 156 11 39 104 51 37 40 49 171 38 151 199 36 198 105 52 104 75 106 178 158 18 62 5 172 172 181 155 159 183 135 179 88 106 149 38 85 7 97 57 172 140 140 140 116 198 110 165 19 128 84 142 182 62 149 122 147 162 71 186 96 47 71 80 110 183 149 1 86 72 160 135 133 76 30 41 105 112 50 39 73 165 22 198 61 118 88 43 127 3 88 125 138 74 42 120 138 133 50 115 12 80 23 25 181 77 116 78 128 139 173 98 145 193 162 16 154 194 117 126 92 103 121 0 141 186 111 103 115 15 120 80 82 140 31 55 114 73 0 83 152 103 54 115 143 177 116 159 16 76 33 0 159 148 3 108 168 37 69 113 78 139 192 107 64 129 23 40 79 87 20 94 43 131 140 152 0 3 178 30 81 40 181 32 75 119 157 109 183 54 107 113 60 100 121 65 150 75 26 125 172 118 128 28 188 115 101 112 93 75 191 51 111 110 75 195 101 153 16 182 154 147 155 17 119 69 139 73 137 161 120 66 25 92 141 150 91 46 50 131 64 92 145 196 34 68 174 14 178 68 116 0 80 130 7 110 199 111 49 98 54 22 162 107 197 123 15 116 105 95 80 112 186 97 132 68 191 33 127 197 192 45 189 145 171 25 120 91 5 191 34 75 68 153 137 137 99 94 88 137 101 176 51 83 78 166 11 11 65 135 179 28 180 106 193 192 114 54 111 26 109 150 69 4 149 93 139 74 14 150 178 26 19 12 154 8 170 144 193 193 199 158 100 53 172 18 82 138 69 184 31 81 108 147 168 43 90 88 42 178 192 76 139 187 143 103 47 109 43 191 151 194 194 103 28 60 91 56 101 109 112 0 146 109 129 67 131 71 120 162 16 163 22 83 60 68 104 46 191 191 99 144 190 94 44 181 136 25 33 197 58 113 118 62 42 80 134 135 112 157 185 138 120 3 128 93 167 129 70 4 177 81 179 73 159 177 133 178 90 28 178 63 123 158 109 76 81 40 103 166 101 134 83 97 25 158 3 33 198 107 57 86 2 131 76 71 136 164 127 157 115 57 69 136 168 122 18 71 112 184 108 118 158 86 125 58 58 37 111 120 50 50 51 173 82 153 180 154 110 65 53 74 33 55 117 120 155 111 45 197 114 50 59 84 95 87 86 15 77 47 22 95 152 8 142 61 25 167 122 139 26 169 120 65 103 150 13 82 155 196 73 8 99 150 8 161 195 142 192 168 8 178 23 173 11 153 105 144 111 149 59 57 109 139 112 192 70 135 133 81 118 121 68 81 47 0 154 144 187 21 190 115 49 36 144 164 76 138 10 41 63 124 160 177 28 28 66 123 118 74 158 117 130 19 43 85 36 67 119 91 52 113 198 78 38 71 61 59 1 122 106 58 51 52 102 177 50 116 30 145 197 144 34 195 111 5 156 163 90 179 186 11 38 76 11 161 86 126 66 99 84 39 72 64 124 69 33 189 99 145 119 165 164 118 146 121 52 99 147 88 15 126 68 6 72 59 182 81 103 78 104 176 86 177 172 144 96 23 17 169 132 70 176 131 66 104 127 25 170 127 94 66 102 185 110 52 175 87 142 159 8 58 74 9 43 87 90 161 97 17 67 81 142 79 17 73 134 104 115 192 116 62 137 74 129 3 37 115 125 66 138 88 191 102 146 191 87 184 147 1 40 107 132 42 42 93 184 144 100 193 104 149 2 173 65 19 46 73 128 116 119 166 71 100 68 103 25 163 21 118 127 139 199 35 27 171 78 17 15 161 107 83 79 114 85 156 95 124 133 145 143 90 53 104 64 80 124 164 111 99 42 168 132 18 160 61 102 152 63 95 142 126 109 62 66 132 180 91 162 77 199 92 78 126 95 173 53 177 146 94 90 125 87 85 116 91 40 138 119 8 11 176 137 30 71 139 190 30 197 31 126 177 54 199 86 86 127 61 51 76 38 150 137 82 87 140 168 5 151 98 56 61 39 93 74 74 108 60 4 144 79 45 174 125 25 75 122 117 7 72 180 133 65 98 112 42 135 77 137 47 91 94 62 64 67 178 86 133 131 180 184 162 140 181 169 40 73 105 59 109 199 122 186 58 41 84 15 79 152 12 43 107 184 179 138 95 26 136 65 66 179 26 135 107 116 58 97 66 158 15 54 122 117 14 11 78 175 41 23 125 76 154 16 57 96 75 136 104 104 129 132 166 47 107 199 1 168 96 42 69 82 179 67 72 49 172 156 18 176 30 68 108 140 26 128 75 177 87 146 90 147 71 163 40 24 199 104 47 177 45 156 1 76 115 152 96 45 53 29 181 103 192 135 115 89 143 146 106 199 59 102 156 114 0 35 67 127 4 70 190 84 146 129 163 163 137 113 82 126 71 6 154 113 163 164 167 24 99 38 122 56 116 122 62 114 89 192 118 4 123 25 182 32 72 130 130 119 198 26 40 164 132 128 89 53 190 59 0 165 124 1 171 23 91 57 158 19 188 96 51 107 140 133 193 10 167 155 156 16 167 180 104 0 82 198 143 135 159 17 129 35 68 184 94 137 76 45 68 133 155 185 181 26 160 79 132 173 5 170 17 154 145 109 154 10 150 78 37 55 94 89 121 197 18 85 158 113 162 187 98 59 113 66 196 196 144 86 83 14 62 131 174 188 188 99 174 64 180 75 160 110 0 66 81 15 157 136 147 181 151 100 79 127 128 109 72 141 146 148 192 87 59 122 99 103 71 118 99 183 27 120 125 59 153 128 81 167 146 165 104 192 80 144 5 125 4 6 129 82 128 141 91 143 36 94 119 61 13 198 104 56 132 155 129 9 157 12 185 164 75 125 131 1 187 19 157 21 79 125 79 112 77 10 103 95 134 75 27 31 100 71 110 119 68 47 25 169 130 114 115 195 147 151 105 45 16 129 170 98 120 84 61 126 26 173 138 123 164 94 41 98 42 128 97 71 72 138 192 151 180 21 27 125 117 50 47 88 54 32 19 180 66 174 52 120 18 77 140 112 1 0 4 2 1 159 117 193 158 20 120 55 179 17 16 84 67 60 112 190 100 100 175 3 50 146 195 35 103 157 56 113 113 62 110 46 67 104 183 44 157 55 105 149 115 155 108 166 183 86 14 170 3 65 83 127 135 178 59 123 136 87 53 117 81 78 191 143 113 150 37 12 13 80 90 139 64 37 75 127 160 105 14 140 69 133 173 9 141 157 197 33 62 37 15 70 101 131 65 32 25 39 103 118 53 120 197 54 110 55 19 175 141 5 56 59 83 46 46 125 123 124 138 83 191 103 119 87 63 73 94 34 146 145 134 61 177 43 18 174 28 67 94 113 120 60 29 127 158 121 22 123 56 189 34 81 42 181 89 138 135 88 140 97 192 145 112 165 135
3483.008232 meters