file sh-17-mediumcontrast.jpg
nails 200
imagesize 200
populationsize 100
elite 20
genomesize 2500
mutation 0.001500
minchunk 0.200000
maxchunk 0.500000
iterations 20000
stableiterations 10
goodgenerations 100
burst 0.000300
threshold 0.030000
ring_diameter 2000.000000
thread_diameter 0.050000
save_every 1000
history_step 100
---
2500 0.050000 2000.000000  2 199 158 76 84 57 197 122 125 4 112 182 95 106 25 194 36 101 186 101 62 130 65 129 108 53 88 119 67 108 114 110 114 68 104 39 61 120 81 131 144 1 0 64 127 168 8 86 54 82 122 74 60 125 75 142 120 158 4 189 42 178 178 133 86 4 35 48 96 52 32 198 166 192 155 170 64 3 107 91 140 0 127 95 44 39 40 66 114 150 196 116 74 120 9 117 22 188 101 29 47 86 90 124 21 148 195 26 118 58 90 166 4 189 119 86 176 28 3 170 170 179 46 89 174 14 164 18 170 172 146 115 199 184 19 112 0 103 96 114 57 120 120 196 154 178 173 192 176 18 42 25 128 58 36 58 82 162 4 9 72 176 126 19 185 123 79 105 53 22 128 60 77 191 180 84 79 111 101 165 21 32 185 28 45 76 176 100 28 122 63 39 62 70 110 162 42 165 90 45 25 80 193 11 187 97 141 162 13 86 54 121 71 123 25 150 127 116 19 166 140 4 151 163 159 197 157 180 182 17 73 19 194 173 188 33 50 110 100 14 108 84 60 127 61 114 115 33 188 19 175 28 182 180 94 66 17 160 139 100 70 151 93 11 78 70 6 181 92 103 104 192 120 59 28 177 90 17 180 160 193 112 143 110 10 175 152 127 126 59 107 144 3 9 58 168 7 10 6 114 111 3 152 82 181 170 137 178 164 8 144 115 168 63 108 149 112 175 90 121 59 94 121 119 122 41 11 134 76 99 83 82 168 144 67 192 3 18 161 123 117 59 78 191 49 77 27 22 187 162 37 197 105 75 55 70 143 7 175 123 89 180 152 111 60 58 57 171 148 149 29 191 34 6 57 56 197 43 23 171 0 160 104 51 141 16 166 37 199 17 148 128 62 10 22 60 72 65 95 135 108 190 114 116 124 60 36 43 93 61 187 0 70 121 168 91 133 66 128 10 73 91 180 95 74 14 171 76 103 134 85 116 104 174 25 75 185 67 135 191 33 119 25 183 2 160 139 167 155 77 121 144 118 154 189 110 9 43 105 192 111 28 116 94 69 151 174 194 55 8 173 2 105 97 131 190 189 73 143 160 190 29 166 78 109 150 184 94 134 139 144 109 148 163 154 120 63 130 67 121 38 1 109 142 94 106 107 150 9 139 122 77 128 76 36 169 86 138 167 53 50 44 72 108 9 34 1 128 196 160 110 51 51 198 91 54 51 171 73 38 192 156 188 159 20 89 55 107 71 15 165 172 79 124 167 14 148 67 16 191 185 24 167 118 52 183 69 77 113 54 21 163 199 72 136 121 79 49 139 92 74 156 138 98 176 92 51 50 167 85 170 161 14 193 163 164 145 117 148 80 6 9 171 20 43 72 19 11 183 5 154 76 52 52 4 163 123 83 77 137 159 12 177 75 9 167 148 175 181 11 190 44 63 111 58 6 149 2 32 184 154 162 38 79 130 102 53 106 44 66 87 89 160 127 103 142 96 74 161 8 178 30 138 0 194 141 121 147 199 108 107 15 51 58 15 12 64 131 7 32 184 106 27 47 112 20 112 17 189 90 182 74 196 180 25 171 18 37 21 114 169 62 160 37 87 114 85 5 90 181 162 11 165 17 60 114 127 119 99 110 147 140 1 118 101 180 196 186 156 192 128 59 25 91 138 139 184 95 38 163 105 62 68 171 153 173 175 88 196 109 132 66 38 175 188 27 182 113 108 29 1 146 68 133 5 65 130 135 90 130 84 23 170 104 121 28 177 168 4 124 62 36 1 160 183 77 110 122 147 175 24 199 29 196 34 60 103 185 69 38 10 13 11 197 18 96 88 23 25 35 195 80 40 13 37 95 183 71 97 58 49 97 182 189 172 72 10 165 185 29 175 92 69 102 64 65 4 29 36 107 11 69 107 102 168 94 77 40 48 162 19 160 186 178 74 46 87 157 193 198 176 155 187 57 24 171 163 77 159 73 82 92 17 85 4 10 35 19 37 59 122 192 169 81 1 4 31 125 149 169 40 46 109 71 103 36 89 69 102 80 184 96 24 5 172 74 12 118 72 159 75 160 187 63 72 132 135 104 60 169 196 146 4 104 185 169 91 50 188 11 191 181 89 50 85 174 72 106 34 197 135 125 24 42 199 176 29 48 14 176 193 60 50 106 195 72 125 68 118 116 114 23 46 82 9 141 153 68 74 188 149 127 48 80 152 83 58 157 178 84 101 196 39 128 95 137 62 105 149 177 44 37 63 62 115 143 165 53 33 198 11 37 50 65 105 154 21 162 12 155 30 180 9 136 199 159 85 71 9 53 101 136 15 169 87 182 94 183 78 104 99 142 167 25 30 43 179 28 82 82 174 11 183 154 151 169 162 16 106 72 129 43 67 123 88 83 124 78 91 164 148 7 35 2 26 8 135 105 113 19 40 86 5 5 105 153 111 82 36 136 147 196 125 148 197 145 169 24 18 124 30 125 193 99 177 156 107 74 98 33 175 198 75 135 86 48 86 12 38 81 67 134 170 21 169 142 177 91 119 122 198 101 130 135 89 175 59 11 164 153 150 21 198 33 171 22 43 98 100 141 109 139 137 52 116 125 173 88 137 105 169 198 86 172 72 98 194 25 51 43 18 178 40 163 155 194 18 162 106 136 198 79 132 1 157 116 97 12 31 179 7 159 155 91 15 141 105 16 85 39 52 35 1 161 199 31 90 180 140 3 65 197 177 88 121 68 142 114 117 135 72 101 179 2 138 156 136 172 79 77 0 52 30 83 135 6 158 174 26 171 177 8 162 154 178 16 66 102 194 191 9 118 106 60 98 187 89 176 168 79 52 55 198 59 13 166 23 154 30 3 18 17 162 158 195 116 189 84 86 21 181 116 30 81 101 61 81 110 193 39 113 142 132 64 119 96 64 117 25 170 36 16 176 151 68 124 93 168 52 98 9 156 143 5 38 22 172 196 155 156 167 49 110 137 75 171 27 179 35 188 46 77 84 66 83 104 99 135 134 75 128 75 160 13 173 20 164 21 189 156 148 168 23 99 144 108 102 8 187 65 12 60 110 69 122 68 25 172 181 24 41 165 36 194 113 37 128 98 18 186 48 105 109 114 78 173 1 130 194 60 20 47 33 10 27 59 123 153 181 168 10 91 81 106 172 66 85 56 12 77 57 116 76 153 129 2 6 165 145 120 138 136 82 34 95 187 54 0 32 185 96 183 148 117 52 3 157 5 158 172 21 180 198 30 180 132 127 107 61 126 123 57 85 12 189 112 5 146 148 145 45 72 116 18 83 138 125 58 78 127 88 4 110 55 79 69 123 136 179 174 152 65 45 27 193 165 185 96 187 49 90 22 18 166 177 101 88 7 40 87 110 3 175 17 163 0 133 65 124 153 146 5 123 66 129 130 135 81 39 71 6 68 147 108 187 99 122 193 52 75 131 152 70 112 117 26 129 146 101 181 13 125 87 94 21 110 18 191 14 156 68 137 175 163 19 167 177 30 194 131 66 122 150 8 35 159 190 32 198 109 62 117 21 39 93 182 91 74 155 173 181 95 185 148 114 172 75 46 61 191 33 194 21 6 64 36 88 136 86 178 89 137 78 183 103 7 29 179 197 119 141 68 130 27 176 90 100 131 30 128 133 173 84 52 26 173 97 80 92 166 126 89 140 161 39 78 153 118 75 20 162 130 70 130 61 117 139 84 159 5 120 74 138 105 104 194 128 86 158 185 194 135 177 174 22 76 132 129 143 178 146 42 29 75 77 85 126 68 7 34 80 180 135 100 72 182 96 62 116 63 1 14 79 162 86 174 12 5 106 106 87 20 84 185 42 108 2 169 43 111 69 108 89 156 138 156 191 43 78 130 192 26 178 100 15 189 120 75 63 61 122 75 134 180 93 99 178 149 173 112 156 195 49 72 176 2 119 97 38 107 19 96 135 74 195 113 62 9 8 161 82 4 143 124 109 31 2 57 25 90 134 77 97 140 44 63 146 194 196 130 64 110 18 44 21 30 157 190 98 189 134 116 70 2 150 75 78 136 6 192 62 131 89 105 68 45 70 111 156 139 77 164 21 179 87 107 190 33 116 144 96 133 165 70 88 75 125 79 61 83 38 138 197 167 90 91 51 13 69 97 44 182 39 71 113 159 17 79 100 123 136 146 138 97 11 93 56 80 131 87 48 63 14 189 103 186 96 83 120 141 115 71 127 22 17 161 19 94 74 10 94 137 93 114 179 67 49 69 118 161 179 71 119 40 42 108 16 183 24 95 133 23 91 134 73 48 54 105 42 179 107 132 83 14 26 177 23 117 62 81 122 27 61 118 197 57 55 120 122 189 15 178 5 145 162 16 169 175 25 184 163 89 132 92 69 156 171 71 88 74 104 109 191 47 50 20 76 126 71 93 21 111 178 144 121 11 117 108 6 167 158 197 128 69 76 109 154 145 159 185 65 114 81 56 98 179 84 153 109 123 62 70 123 123 80 96 35 93 132 64 95 46 12 123 81 129 133 118 94 94 186 62 122 16 39 32 181 155 87 121 57 66 124 178 140 117 69 70 171 26 107 189 96 175 84 88 83 3 20 184 15 170 41 87 9 73 153 86 7 69 33 31 188 14 151 96 103 195 8 87 175 142 14 184 92 130 66 64 189 33 109 91 32 100 55 166 12 60 131 180 68 87 80 177 119 147 100 3 198 25 30 105 185 83 37 180 198 8 156 98 175 30 199 133 190 64 58 96 172 47 41 191 196 1 21 80 130 136 183 28 152 126 106 92 183 154 73 61 15 82 177 0 175 82 118 120 70 98 188 154 190 148 78 41 19 67 14 114 132 25 66 115 192 197 112 127 125 63 115 126 194 112 67 75 115 184 161 41 191 7 84 131 95 20 172 44 163 80 53 72 114 194 111 13 169 19 78 29 176 20 182 191 119 75 4 170 69 131 97 54 181 18 136 70 180 102 154 75 182 29 167 153 139 149 7 144 103 179 162 164 22 178 145 145 64 108 106 140 98 185 107 50 57 181 27 85 119 83 166 89 32 156 12 190 29 186 154 129 65 41 26 102 183 27 78 160 73 59 122 73 97 79 178 25 37 16 88 66 185 32 107 150 100 179 92 30 21 167 194 59 172 64 91 37 56 113 97 153 121 41 174 93 183 43 96 127 172 199 59 100 124 70 75 66 65 119 56 136 99 65 65 41 61 119 38 170 11 159 67 15 160 14 113 23 24 187 20 166 172 22 28 22 119 148 134 141 1 136 79 107 145 94 142 13 190 131 32 194 57 111 90 67 172 75 117 65 33 192 27 38 125 174 167 22 83 136 186 164 186 117 60 91 124 26 86 113 192 159 9 115 164 18 113 97 31 189 160 134 74 30 94 94 74 164 14 187 32 41 70 149 5 87 22 195 121 29 12 37 20 163 140 81 186 105 0 15 104 183 138 95 12 80 136 190 36 166 106 188 44 196 17 65 13 23 167 52 88 75 18 163 23 170 67 103 156 0 7 12 160 130 42 31 190 159 18 8 91 141 122 149 9 195 12 17 172 14 45 29 115 31 181 143 115 54 33 186 15 3 119 149 156 124 140 90 94 76 70 8 10 159 68 131 122 123 141 103 84 122 185 134 155 185 183 158 191 1 29 181 101
3035.663609 meters