file sh-17.jpg
nails 200
imagesize 200
populationsize 100
elite 20
genomesize 2500
mutation 0.001500
minchunk 0.200000
maxchunk 0.500000
iterations 20000
stableiterations 10
goodgenerations 100
burst 0.000300
threshold 0.030000
ring_diameter 2000.000000
thread_diameter 0.050000
save_every 1000
history_step 100
---
2500 0.050000 2000.000000  30 16 65 130 177 141 148 13 2 186 74 163 103 182 178 7 182 45 48 191 110 110 123 58 104 108 115 56 6 5 36 20 176 37 29 79 77 49 55 55 8 90 78 80 89 112 5 82 110 104 69 125 97 136 12 75 181 112 195 175 181 162 74 84 130 30 88 86 172 0 37 14 80 62 112 170 120 75 60 0 145 91 88 113 86 85 166 148 72 9 117 96 189 162 80 73 118 141 98 54 20 35 100 61 130 105 185 33 18 186 140 117 65 177 100 78 199 3 90 24 86 179 17 81 193 104 142 81 178 20 164 25 173 153 190 27 94 176 148 198 60 125 70 60 12 39 2 130 100 64 131 109 87 40 35 56 88 91 64 123 72 196 64 120 62 32 8 29 84 133 90 128 125 60 105 5 77 80 67 175 141 96 142 104 185 86 87 61 68 117 12 79 5 84 196 152 8 87 130 101 199 57 144 116 150 153 128 61 35 3 138 111 6 25 119 133 63 45 116 73 82 15 17 82 46 37 60 117 148 67 91 138 182 88 120 59 116 100 35 54 56 192 84 195 33 106 109 191 41 22 51 37 59 154 193 162 118 15 134 65 35 45 37 125 92 139 161 32 109 155 175 88 69 170 172 76 125 123 135 86 62 38 158 186 102 4 143 108 18 177 80 130 1 30 186 2 35 48 108 75 192 189 31 52 102 24 125 72 153 165 188 198 162 14 125 123 71 105 192 21 103 99 42 165 170 131 120 22 93 124 62 54 78 184 129 128 138 195 32 78 132 90 176 30 121 79 178 3 126 193 3 153 164 11 171 25 186 25 182 22 30 183 96 64 119 187 99 21 25 126 91 26 177 21 36 4 159 79 127 78 131 60 109 187 149 90 198 196 128 46 73 42 88 144 98 138 1 174 170 136 81 154 167 131 102 99 131 133 69 111 82 67 51 49 55 101 118 29 195 91 177 7 83 93 93 98 63 69 85 4 51 31 79 92 79 40 161 18 164 163 102 94 47 99 104 138 120 25 57 97 96 185 95 53 35 166 79 148 172 60 122 155 77 112 163 16 90 127 59 123 103 192 165 172 140 170 20 39 12 154 159 155 195 159 8 147 123 161 191 179 80 52 67 122 153 169 5 111 107 61 129 138 98 59 41 164 101 29 178 99 103 82 56 91 150 83 129 26 184 154 132 128 26 15 79 60 62 129 3 30 180 89 127 25 93 135 136 158 162 179 13 92 182 97 21 171 73 9 186 154 140 12 170 193 183 103 40 182 93 96 41 73 43 25 195 100 173 86 52 93 167 2 139 127 71 87 43 129 98 124 148 199 32 185 188 98 87 115 98 92 96 154 188 153 23 195 64 129 67 88 173 27 62 59 126 196 31 50 32 183 95 140 130 63 55 110 62 107 10 57 115 71 141 171 144 140 104 15 122 14 199 162 7 46 44 83 50 95 138 87 84 3 110 137 70 10 19 16 86 23 78 109 146 173 85 139 83 177 89 68 111 194 91 141 12 78 178 188 31 60 76 173 47 170 63 99 178 149 169 22 42 74 173 22 87 177 199 158 195 93 31 11 198 120 109 72 53 20 62 122 6 167 55 115 63 116 21 170 70 181 91 140 159 149 177 3 28 118 86 65 36 1 81 170 13 85 63 146 106 104 59 61 49 100 133 86 161 11 110 70 175 91 79 96 37 11 18 165 117 127 105 140 3 63 118 107 5 172 193 25 75 56 179 150 129 113 96 68 137 99 188 157 177 44 107 67 170 196 37 44 76 136 88 35 6 184 94 18 72 66 119 122 30 197 39 47 100 99 13 124 75 130 39 162 164 16 100 50 190 165 9 34 44 43 120 198 34 193 123 61 121 81 19 166 112 60 102 67 113 63 101 102 141 184 76 135 2 82 59 125 151 80 75 133 76 164 21 40 0 111 55 12 120 187 107 56 92 184 106 74 131 118 58 87 13 138 118 71 174 20 183 98 121 102 58 107 57 51 69 121 71 173 189 103 123 63 83 108 17 174 72 69 90 64 97 65 80 39 167 2 199 183 165 181 93 85 99 78 143 138 94 118 144 136 187 102 105 117 64 37 47 38 63 110 50 31 11 178 25 162 141 87 137 113 67 66 57 121 100 190 198 142 195 154 180 18 110 179 146 175 26 181 10 0 17 86 18 161 10 38 183 12 41 89 23 101 36 6 6 87 2 192 27 182 153 147 104 186 82 184 69 191 35 4 114 73 39 76 182 31 37 63 103 119 70 76 79 28 162 0 182 67 132 85 24 147 141 1 175 199 175 91 180 121 172 175 140 85 32 179 93 77 46 190 174 33 0 161 179 29 27 45 29 184 48 63 73 51 38 71 49 94 4 65 128 78 163 1 188 102 51 103 153 115 192 137 115 143 111 72 129 77 26 191 33 77 132 83 17 109 45 29 187 173 42 102 97 182 73 101 5 142 91 27 39 14 179 101 74 18 187 129 89 137 85 122 77 122 58 47 74 78 34 9 34 51 7 86 125 40 104 150 67 33 84 20 15 163 158 78 179 10 36 172 11 167 163 76 12 165 99 127 196 9 183 103 193 26 17 161 78 83 16 192 108 123 141 160 103 54 167 90 175 11 159 139 8 0 118 105 190 139 138 97 191 74 133 117 188 77 61 47 124 79 16 78 122 28 120 56 9 157 1 51 92 19 39 104 3 12 105 184 3 116 19 39 5 32 9 191 175 22 96 107 96 138 148 73 186 199 159 163 106 71 125 153 11 35 62 135 73 175 41 170 178 163 159 16 98 2 83 67 153 70 108 186 21 164 14 107 106 93 180 92 181 7 88 80 173 196 18 161 172 152 148 114 6 24 170 196 103 136 89 176 139 165 123 59 98 104 180 114 66 151 74 82 51 78 111 194 100 33 189 117 72 190 25 145 67 123 81 108 50 80 20 31 109 63 120 182 112 40 47 126 118 57 86 21 33 170 30 17 162 108 191 65 131 196 121 195 75 154 73 110 59 60 193 30 165 78 76 98 74 132 39 93 141 194 168 53 196 189 99 69 152 183 62 0 48 88 54 108 187 32 156 170 15 32 192 160 155 134 126 28 181 145 142 127 39 168 58 124 131 115 59 124 4 54 39 140 13 119 75 114 84 174 38 8 41 108 107 89 70 44 101 139 49 195 14 182 6 68 72 156 132 136 132 94 143 145 122 117 146 13 162 128 81 137 92 169 16 188 164 121 59 167 48 110 69 7 81 76 84 16 88 89 90 96 59 46 27 122 76 94 11 157 3 7 9 33 68 69 69 196 137 198 86 136 0 64 198 117 135 175 76 104 114 194 34 43 163 147 65 120 128 75 47 115 65 107 61 73 10 14 192 122 190 46 22 109 143 65 39 23 170 123 109 190 4 6 157 171 6 49 13 178 15 194 41 141 104 62 28 175 147 75 52 21 111 97 67 6 69 98 61 0 14 26 171 115 79 138 90 99 25 3 83 40 43 70 133 97 12 163 75 176 189 185 122 43 13 41 78 120 192 185 143 29 133 161 8 166 183 123 82 12 38 36 103 104 15 96 193 68 126 162 83 174 10 72 49 167 20 143 103 199 188 18 190 120 60 12 28 33 186 4 147 94 171 0 193 34 10 66 83 160 10 89 40 188 23 167 58 83 39 184 96 50 181 90 22 75 144 21 117 77 134 27 163 159 10 0 132 166 142 138 103 106 136 184 97 97 186 49 65 106 167 171 21 169 94 186 96 26 0 197 101 49 44 41 90 130 159 182 22 183 15 63 2 39 94 182 100 12 35 8 135 110 128 25 177 85 174 76 199 114 61 66 108 118 33 159 2 137 145 135 88 162 18 128 107 42 67 59 106 185 0 21 58 26 53 115 151 21 120 81 125 21 147 52 54 107 47 69 113 84 167 18 70 8 56 122 124 0 102 6 93 131 63 59 68 130 82 136 150 89 106 90 9 68 133 132 74 80 8 107 83 86 58 92 98 191 64 126 43 71 42 169 128 92 9 75 155 190 105 134 69 114 16 61 196 102 101 4 45 89 99 154 37 89 65 21 77 161 16 120 146 16 106 191 33 75 157 193 33 11 109 0 169 8 151 154 186 19 113 127 68 122 99 58 82 14 101 54 34 55 16 113 61 83 19 193 113 58 73 11 188 33 27 176 155 189 5 196 16 160 15 187 106 51 103 52 91 91 56 70 82 71 140 121 71 156 161 84 121 95 30 190 146 117 196 122 72 175 7 170 177 24 82 131 84 138 167 159 198 25 24 167 22 163 11 183 156 3 64 142 182 75 76 134 173 158 7 188 45 10 93 130 147 164 22 170 184 99 139 194 175 97 43 22 48 133 72 197 190 130 151 23 174 27 87 12 196 115 83 158 132 68 189 110 26 105 10 58 125 78 116 146 12 16 166 21 181 134 198 163 151 132 66 43 100 75 4 108 61 124 10 165 25 122 83 36 57 114 172 109 8 19 161 177 172 68 44 97 185 98 134 161 7 147 156 180 30 53 66 30 7 90 92 72 112 120 52 172 20 163 154 22 181 115 180 153 166 146 166 3 172 179 20 40 38 192 160 9 114 31 43 48 73 88 116 2 53 58 115 17 76 158 152 156 164 189 27 53 111 141 162 6 98 58 41 50 98 187 195 157 184 139 108 85 4 162 7 34 197 117 173 26 174 5 67 194 72 150 100 64 87 110 124 70 132 134 72 104 38 41 15 77 103 117 1 199 28 176 28 95 84 25 131 127 168 149 71 180 147 163 122 149 195 131 195 17 28 180 90 101 189 157 181 113 174 14 165 21 28 161 11 171 152 79 32 188 108 2 197 106 1 170 185 93 170 72 61 64 122 167 23 88 11 105 6 53 113 95 186 2 4 43 9 88 45 121 72 172 95 74 66 107 144 140 145 157 137 36 93 97 67 23 191 20 151 9 181 89 178 28 22 9 147 151 141 121 93 168 180 102 112 78 171 19 164 9 109 95 87 102 131 69 61 117 171 146 118 79 195 129 28 187 84 132 82 79 123 185 93 56 116 134 119 191 166 90 80 25 180 105 44 20 37 113 81 167 78 124 181 155 172 151 6 161 148 7 173 16 160 184 28 11 106 81 197 160 73 103 60 52 54 36 29 96 137 199 144 118 88 108 151 106 127 85 114 71 132 143 6 177 90 114 195 104 140 11 152 169 41 130 149 93 25 70 7 132 64 72 187 167 141 110 163 194 133 88 17 44 9 190 100 71 159 154 142 142 197 146 120 6 144 126 102 133 186 78 43 185 26 186 31 5 11 159 167 50 104 88 141 107 64 2 169 58 66 9 167 6 112 19 198 15 181 30 199 70 100 181 154 137 86 175 14 172 124 64 85 35 32 183 41 102 98 23 104 199 33 120 120 118 146 69 119 35 181 120 193 82 87 119 183 89 87 89 174 115 156 151 164 0 31 184 95 187 57 145 163 89 59 199 5 137 179 128 197 165 81 115 92 36 175 97 73 113 112 64 11 83 179 170 134 74 135 194 26 44 99 193 70 134 76 97 133 8 198 115 121 120 68 118 60 116 27 12 159 36 3 160 14 126 62 127 184 31 3 87 131 175 136 80 157 71 104 183 94 72 19 4 163 83 172 74 94 135 159 12 162 81 66 131 116 190 6
3010.983486 meters