file sh-17.jpg
nails 200
imagesize 200
populationsize 100
elite 20
genomesize 2500
mutation 0.001500
minchunk 0.200000
maxchunk 0.500000
iterations 20000
stableiterations 10
goodgenerations 100
burst 0.000300
threshold 0.030000
ring_diameter 2000.000000
thread_diameter 0.050000
save_every 1000
history_step 100
---
2500 0.050000 2000.000000  38 51 141 88 172 152 140 52 56 104 138 174 89 84 125 154 165 11 148 96 57 108 69 26 94 140 184 161 2 35 49 46 24 179 100 43 73 52 66 159 4 157 2 82 0 178 99 67 106 146 156 11 159 130 133 63 108 190 148 169 140 102 3 79 74 57 90 50 55 27 44 8 0 173 122 122 85 138 121 73 82 50 1 4 78 151 11 162 168 15 105 37 61 122 57 38 65 102 138 132 80 148 175 172 139 124 31 3 185 39 10 72 105 73 125 128 66 172 48 188 156 140 106 77 28 129 61 116 7 46 26 99 139 96 139 16 27 14 176 77 182 126 67 65 108 8 185 14 50 43 89 8 173 152 180 55 197 158 1 103 139 150 82 93 10 80 84 12 17 178 91 104 122 74 103 99 127 111 89 196 85 1 81 99 47 6 172 118 122 180 16 153 168 134 77 137 92 82 123 60 106 68 132 120 52 51 80 22 114 179 76 21 23 182 187 114 144 195 158 73 141 110 145 7 73 164 19 161 140 69 123 56 43 23 84 157 0 120 97 36 4 162 8 56 169 105 5 166 169 23 34 193 22 38 191 194 157 159 10 66 117 144 113 166 41 164 172 128 48 186 166 180 190 39 67 104 189 135 143 116 148 76 173 14 83 78 136 100 151 132 25 124 170 93 103 195 135 111 68 188 145 113 92 178 16 176 18 106 183 94 88 23 192 83 24 75 157 155 39 46 12 192 122 155 187 155 109 147 189 127 73 151 160 20 164 186 31 88 117 181 14 31 196 105 114 199 73 39 1 36 98 191 130 68 133 99 92 17 88 118 35 60 98 64 124 95 141 70 188 19 160 6 0 54 127 186 0 53 87 20 23 171 1 154 73 115 48 79 134 133 67 40 104 3 150 4 160 3 158 173 26 103 188 186 32 188 159 108 161 167 23 48 79 123 98 47 17 44 101 38 198 123 192 62 121 174 25 92 74 10 75 37 61 130 4 54 63 94 134 190 158 182 133 170 12 17 166 92 18 48 87 18 162 38 32 183 30 55 85 135 135 82 148 140 100 59 98 177 119 183 187 107 61 79 179 174 87 101 141 24 126 93 43 133 74 32 184 177 161 7 69 191 165 13 78 112 4 38 159 12 160 190 109 62 56 122 95 182 89 2 100 27 192 182 128 25 129 88 181 30 8 16 185 117 84 183 92 175 40 186 105 188 33 1 177 127 88 91 127 75 4 20 175 5 29 21 86 43 185 105 17 126 196 168 178 155 188 13 84 186 100 22 175 170 94 53 91 133 139 198 168 5 67 195 19 180 92 184 0 180 26 199 171 6 35 39 19 122 21 114 21 197 119 104 144 154 8 133 98 112 170 41 67 22 78 190 23 167 170 184 134 0 89 179 72 97 4 167 78 146 6 108 55 22 21 19 167 57 96 103 192 178 185 32 80 54 113 134 73 63 42 180 14 77 191 156 175 54 130 167 166 184 30 174 81 117 74 60 61 93 58 126 101 122 94 108 152 70 102 137 189 28 24 178 75 80 153 174 110 21 167 148 97 171 95 169 151 112 115 144 134 152 118 63 12 189 15 139 122 30 196 167 164 138 79 128 75 18 177 80 14 161 11 167 10 62 97 40 137 153 170 24 78 181 169 16 18 110 80 163 35 166 198 107 130 153 28 95 46 168 172 165 20 174 25 163 156 195 181 101 191 159 8 110 83 93 183 187 153 99 195 81 128 76 105 184 13 140 142 98 133 66 129 71 40 162 77 94 59 102 64 73 52 72 36 40 8 158 132 67 113 131 63 62 121 192 159 80 75 147 124 157 90 78 174 80 167 49 124 62 64 114 71 15 131 82 19 124 85 175 88 124 61 80 135 12 164 157 7 69 46 90 42 42 50 97 184 106 176 14 159 72 92 125 113 62 3 174 7 158 30 5 73 20 42 32 9 33 17 174 18 78 64 119 12 169 24 175 60 71 7 137 87 177 38 34 119 142 105 197 37 63 127 92 117 35 0 11 37 42 103 43 168 109 119 76 117 184 155 134 45 4 30 89 81 152 71 75 176 93 16 152 186 160 147 196 186 78 84 131 86 172 22 164 17 120 80 26 31 194 75 93 94 111 61 12 0 142 140 119 90 89 69 100 54 50 133 157 138 192 122 62 22 167 8 70 130 40 67 17 166 25 53 82 107 4 82 136 198 16 30 49 194 33 87 13 100 126 28 66 151 51 7 22 90 173 111 44 76 54 29 0 160 192 175 87 92 89 100 56 85 90 179 146 7 159 172 19 193 154 132 189 29 133 104 141 133 72 170 23 126 75 124 147 54 84 20 181 156 164 16 20 161 10 150 72 119 70 131 132 69 140 96 175 71 118 111 148 173 176 190 10 176 182 157 149 176 175 80 21 166 19 41 110 167 191 30 163 23 10 179 93 131 78 15 38 15 160 7 37 27 37 156 12 82 90 136 144 112 19 182 32 117 131 91 45 175 84 194 162 165 9 132 83 136 114 145 116 140 116 23 56 78 25 38 171 157 189 141 159 180 101 97 59 8 137 97 153 171 141 151 9 121 67 117 113 41 33 187 72 1 29 60 117 72 111 139 31 95 183 121 170 184 91 180 142 107 123 67 4 39 86 128 60 20 190 101 199 76 22 127 35 124 60 104 48 45 102 196 81 108 43 174 24 168 28 187 76 132 0 111 154 190 185 192 159 134 49 22 189 192 102 187 11 95 4 34 156 189 90 51 106 153 114 2 21 165 1 133 116 9 72 135 113 178 84 154 72 112 49 175 75 0 156 139 93 132 83 134 194 110 61 45 61 114 52 44 24 146 186 16 34 62 131 64 130 120 64 32 187 95 24 111 22 6 96 185 66 144 122 143 110 70 39 194 114 92 181 109 92 66 61 99 38 91 10 6 162 7 85 95 21 70 134 76 124 65 122 75 191 18 54 112 9 150 51 181 151 63 90 153 111 57 93 169 142 14 35 61 182 102 89 176 90 24 3 101 198 106 56 193 34 195 31 42 175 91 141 12 190 58 11 58 118 85 5 166 155 72 173 49 16 21 192 125 21 47 93 28 173 0 105 50 104 41 61 198 157 105 138 167 5 181 3 9 56 183 16 163 18 8 190 33 5 159 95 186 191 78 69 31 182 4 24 43 26 41 109 73 182 97 140 53 53 104 185 94 90 54 107 108 139 123 76 133 88 63 129 81 165 162 124 194 172 167 166 12 81 65 131 103 190 96 105 30 47 41 95 70 85 104 191 155 177 9 36 125 108 64 39 14 170 45 43 71 49 190 178 110 80 178 90 129 151 82 163 14 67 145 60 22 177 21 174 20 138 2 27 23 93 78 1 16 161 0 104 194 103 183 8 172 2 26 181 91 89 78 116 195 188 32 17 109 191 139 116 89 175 15 120 23 178 30 192 20 72 48 86 129 15 150 164 15 103 60 51 27 173 132 95 95 173 171 16 102 102 139 144 164 77 65 117 8 106 132 198 71 124 130 67 53 75 77 147 15 165 31 52 84 58 121 60 177 162 196 171 58 99 132 71 128 82 137 142 126 96 130 132 97 103 20 44 2 169 72 174 27 32 186 105 88 164 34 96 1 163 182 13 191 32 54 64 86 83 3 84 64 126 62 130 165 22 41 183 98 84 180 12 87 124 9 26 186 150 119 56 59 168 148 16 83 31 6 158 138 1 12 195 74 18 193 10 29 108 77 51 11 62 106 143 171 22 151 137 6 56 34 12 17 53 13 169 146 17 17 162 194 17 160 80 121 77 171 182 96 50 89 180 27 109 176 137 108 128 194 34 85 169 148 125 61 92 95 198 174 131 4 132 27 21 118 120 120 63 61 173 116 20 33 195 170 12 185 129 184 94 144 167 48 30 51 103 183 18 91 62 103 113 4 138 137 92 43 131 87 63 125 74 26 172 78 127 61 98 186 94 182 41 28 185 93 91 177 112 195 29 40 188 199 15 162 150 177 92 93 40 63 169 155 147 120 68 44 189 199 58 35 45 100 44 179 139 117 121 55 26 183 142 100 154 81 118 147 122 71 104 56 0 145 9 193 30 178 76 17 187 97 116 146 173 82 35 12 7 38 176 115 20 109 58 69 115 63 126 59 192 110 86 171 122 185 107 11 76 14 166 0 38 104 50 51 103 62 67 173 180 159 17 12 17 161 117 38 97 178 99 73 139 92 9 107 75 96 96 98 189 1 170 20 17 38 126 109 173 86 99 147 104 12 171 191 114 183 55 89 139 82 133 87 138 66 17 160 184 154 144 146 121 122 194 107 57 114 20 82 101 129 76 120 109 122 196 187 13 160 83 174 174 134 198 75 135 136 151 173 50 110 143 115 59 9 161 133 141 179 163 161 17 98 55 65 104 105 25 91 150 168 154 183 105 153 116 74 100 138 89 23 11 64 196 36 5 89 112 59 88 25 181 179 167 37 198 131 177 100 193 171 19 44 111 194 35 10 195 113 81 106 79 101 137 67 97 186 64 61 15 121 121 72 22 124 172 17 23 168 0 36 62 62 118 197 161 196 33 32 40 168 1 35 57 83 151 170 197 126 139 95 60 198 149 183 15 163 80 11 74 105 185 69 18 160 13 198 195 178 78 160 11 96 65 130 85 76 113 122 41 52 2 32 57 89 132 43 13 82 87 84 152 13 120 91 140 58 103 141 99 159 12 162 75 94 181 119 176 168 24 189 99 148 141 158 103 137 147 96 95 67 44 27 90 90 79 177 121 85 31 193 156 87 23 90 58 120 41 77 120 44 41 3 65 8 149 199 122 76 28 2 84 139 160 197 8 91 166 120 34 80 13 63 113 69 94 10 110 53 28 195 155 182 57 121 76 115 84 30 3 103 113 194 69 85 132 109 166 193 119 129 97 101 26 176 23 175 28 198 121 67 172 84 93 74 59 96 68 53 83 80 93 13 24 29 119 189 31 132 106 59 118 68 129 62 111 156 180 134 153 159 77 68 84 96 188 78 172 152 179 178 101 149 149 132 70 126 84 105 187 177 99 74 132 150 100 115 25 7 175 97 121 40 79 31 129 131 67 102 118 198 158 97 33 146 15 178 28 6 123 59 108 0 187 100 188 79 130 84 136 2 178 27 30 180 194 66 74 123 67 35 157 76 162 185 98 80 160 111 197 126 124 78 51 112 196 163 20 162 130 135 172 181 182 159 170 22 13 121 35 33 191 174 190 171 124 106 185 27 159 41 68 42 61 70 159 6 77 117 139 100 15 95 119 35 53 186 104 34 16 127 90 98 42 77 83 77 63 119 62 38 3 121 47 123 125 18 160 10 104 196 38 179 173 176 73 149 179 80 137 149 65 61 34 7 89 12 97 46 72 132 115 145 104 192 178 165 35 11 142 146 174 185 197 75 165 14 165 50 32 1 144 103 59 147 113 149 170 167 2 184 14 190 112 117 183 85 38 168 17 164 181 111 106 112 140 190 31 184 21 26 41 91 62 170 157 8 166 196 195 100 196 39 7 88 62 0 34 29 194 136 93 182 138 140 79 40 171 85 52 108 188 99 137 81 88 174 28 176 11 22 42 22 169 67 131 196 156 100 115 181 6 151 147 72 122 79 16 85 133 153 74 134 146 198 114 113 181 93 15 72 125 41
3026.761076 meters