file sh-17-mediumcontrast.jpg
nails 200
imagesize 200
populationsize 100
elite 20
genomesize 3000
mutation 0.001600
minchunk 0.200000
maxchunk 0.500000
iterations 20000
stableiterations 10
goodgenerations 200
burst 0.000300
threshold 0.030000
ring_diameter 2000.000000
thread_diameter 0.010000
save_every 1000
history_step 100
---
3000 0.050000 200.000000  60 115 30 181 76 161 7 161 18 159 164 176 62 106 66 12 176 99 102 151 19 184 31 106 41 8 163 28 38 45 169 22 115 113 112 193 151 102 91 182 155 115 85 86 53 105 186 101 59 20 165 22 9 107 72 114 74 122 96 187 174 192 101 100 56 81 107 121 6 54 52 53 120 83 52 49 71 106 36 0 32 154 31 58 124 70 151 75 113 137 147 130 149 74 61 112 51 16 161 146 155 166 102 108 119 97 86 88 175 30 179 89 25 170 149 0 198 139 196 73 171 129 61 1 130 63 131 155 36 3 42 46 170 138 93 141 183 27 175 28 97 51 100 155 195 170 165 16 88 163 13 138 96 107 61 7 88 197 152 59 187 4 158 140 194 112 67 120 125 74 172 67 43 89 7 112 197 174 198 107 55 103 187 19 161 119 21 166 166 153 181 159 176 22 7 39 74 177 2 45 105 146 126 126 110 108 62 112 117 35 6 86 133 75 72 172 154 70 90 98 115 144 38 11 6 17 83 58 84 194 81 68 43 9 49 119 87 73 38 169 25 176 192 0 181 34 166 192 16 73 72 171 188 147 151 121 123 151 177 33 119 76 28 153 65 89 99 14 188 99 75 121 77 59 198 31 157 134 73 71 23 197 132 26 167 187 99 177 166 90 132 132 39 127 82 148 141 159 156 159 104 163 199 50 112 47 106 13 139 68 94 186 112 89 6 83 52 74 105 184 154 49 77 141 122 135 194 28 41 15 171 106 195 87 193 22 12 167 80 123 26 42 185 104 71 112 59 120 197 128 142 137 78 155 4 110 141 144 168 196 109 140 184 79 72 186 2 155 146 131 70 7 166 53 88 58 67 79 134 158 177 159 70 131 3 181 15 76 90 62 89 74 110 199 137 189 61 91 33 166 174 84 126 192 155 182 19 110 144 115 186 27 78 126 71 101 52 195 115 88 36 102 188 108 70 117 199 157 156 165 42 147 125 191 98 53 55 56 183 114 83 125 41 140 176 118 77 27 129 107 94 182 103 38 14 19 90 43 71 58 116 119 111 3 154 174 73 108 69 84 167 20 170 181 161 114 81 131 72 67 188 15 161 81 130 82 193 32 51 4 146 50 147 119 134 130 63 127 68 94 132 151 158 126 18 172 139 97 71 75 128 128 121 70 11 76 183 93 136 136 83 143 176 128 111 182 96 48 85 96 61 128 175 22 124 34 100 143 116 190 121 179 69 67 122 174 177 136 73 62 19 31 173 70 92 133 133 95 138 15 162 6 103 61 178 36 154 12 96 187 5 140 50 58 106 198 165 102 39 66 178 98 25 187 19 38 17 87 123 44 30 133 86 172 148 115 62 124 121 150 183 146 198 3 172 76 57 118 119 93 140 125 15 141 11 97 64 95 36 111 190 144 75 130 136 88 89 176 10 155 113 17 147 69 191 56 37 172 142 9 14 197 160 35 31 192 101 92 64 39 3 82 189 175 76 175 24 168 16 55 58 65 129 197 136 6 171 159 74 8 179 91 101 50 180 90 104 29 196 192 102 87 101 74 195 51 0 199 9 109 191 117 32 101 96 125 39 66 146 147 152 74 172 96 63 3 65 130 196 178 172 70 113 197 156 129 76 108 162 148 180 181 19 83 137 171 67 4 35 89 135 168 91 83 80 42 10 37 199 54 175 28 25 170 95 160 80 32 190 1 140 84 196 17 181 49 36 131 5 41 25 90 132 132 194 162 12 9 15 176 20 162 174 66 111 146 124 21 36 177 194 6 100 100 111 194 17 16 84 120 66 128 145 192 121 14 77 174 157 9 74 62 106 186 98 3 83 172 179 188 30 177 146 128 140 2 45 67 116 143 190 48 60 48 52 144 48 12 129 46 29 17 22 116 159 17 185 6 143 14 168 80 115 50 45 186 193 47 141 110 156 182 184 118 2 37 136 72 192 33 50 46 25 190 109 6 154 135 80 79 189 125 122 39 193 173 53 83 188 152 131 151 77 147 171 186 33 126 148 107 185 97 86 46 65 20 163 139 193 31 5 105 90 84 130 29 191 104 75 114 61 19 194 153 175 127 133 96 52 80 199 62 121 92 179 191 193 26 180 129 44 17 73 52 5 54 195 26 43 170 171 112 43 135 103 65 72 95 96 150 80 106 161 108 44 33 160 144 116 84 97 138 89 180 30 112 59 84 181 9 19 166 20 118 142 141 141 97 15 17 70 9 108 149 176 71 90 175 19 92 196 69 98 71 143 101 105 75 40 73 174 181 167 76 12 56 93 17 199 128 180 161 12 80 22 4 105 69 65 94 183 180 183 138 91 180 154 158 165 165 196 61 136 190 23 167 163 76 162 181 18 163 137 140 100 191 106 16 183 14 169 5 144 17 162 2 170 33 1 35 59 121 24 165 4 64 84 40 169 143 192 94 184 96 56 115 71 10 167 155 141 56 10 36 117 12 169 88 91 178 93 44 59 63 105 23 89 175 160 14 140 88 175 37 164 199 22 119 101 42 140 164 14 193 165 174 28 64 175 92 8 92 132 129 97 46 40 58 191 21 164 86 142 162 74 157 147 147 6 135 144 140 98 167 136 85 74 135 168 39 15 99 132 71 74 70 59 126 36 6 22 198 75 27 95 187 132 179 136 26 95 126 84 20 7 169 12 0 79 172 199 68 123 123 64 71 0 77 103 185 24 171 2 138 64 76 12 160 107 190 189 154 162 180 2 144 140 138 14 32 101 117 110 107 189 195 63 186 31 157 186 95 178 157 185 176 153 39 86 39 8 57 70 98 139 115 103 194 98 184 38 4 157 144 143 109 154 146 194 24 127 64 25 189 122 8 120 198 25 195 82 12 90 9 177 130 61 103 65 110 1 4 79 100 84 2 199 78 2 74 151 129 43 64 53 87 183 100 13 155 69 180 110 179 31 188 28 16 178 12 38 165 136 77 100 103 8 129 67 153 71 16 79 73 114 57 73 161 79 155 183 92 79 13 198 29 187 40 33 116 130 146 112 179 70 39 198 138 12 78 67 116 17 176 123 81 66 120 139 90 167 143 165 144 196 81 178 74 131 134 195 86 82 198 105 71 15 107 184 146 69 93 130 129 65 123 77 123 137 104 9 165 170 124 192 186 75 20 58 8 70 59 6 16 2 1 173 17 21 192 161 18 78 173 28 9 66 174 113 196 182 100 39 42 75 190 180 154 81 82 109 169 173 3 160 16 8 26 46 197 84 169 6 175 132 63 38 10 59 22 118 88 180 70 71 89 119 73 10 13 119 197 40 130 99 127 102 162 12 61 23 28 58 121 45 111 104 76 156 195 33 187 20 120 183 91 62 45 5 124 124 60 20 16 173 5 30 29 118 157 5 33 197 28 2 160 77 60 125 126 89 13 165 194 113 175 145 72 60 77 41 113 170 72 135 151 138 119 140 85 129 27 176 14 37 134 74 77 100 107 1 6 174 154 138 139 3 88 134 136 80 161 103 183 33 86 88 87 128 0 156 70 72 122 186 32 199 169 4 2 126 6 99 42 23 159 77 137 82 162 21 116 164 75 60 118 23 17 74 96 130 25 49 7 69 128 155 184 93 15 85 42 95 39 90 22 178 10 23 120 69 124 92 58 123 21 86 123 60 60 197 27 185 96 112 152 178 194 30 179 100 47 110 59 37 15 61 41 92 112 58 109 111 19 180 24 169 147 117 55 42 123 110 145 133 178 101 43 186 171 5 158 131 151 22 4 20 36 61 101 167 3 117 123 108 189 101 185 31 95 105 187 193 118 6 159 80 75 157 168 31 188 29 19 167 30 86 84 138 76 93 19 160 156 126 110 49 189 111 97 135 78 56 64 174 166 138 1 144 109 55 84 15 81 53 17 164 42 110 33 197 34 185 176 115 163 107 70 132 72 184 106 146 7 32 196 35 29 182 102 184 19 170 10 164 21 37 79 60 169 20 159 6 142 122 130 69 132 110 19 107 199 14 98 183 78 127 155 27 3 28 177 16 13 32 196 161 153 120 62 35 120 40 110 187 89 115 2 82 68 68 37 45 98 47 178 26 27 196 75 77 83 184 153 25 87 16 66 15 42 178 129 91 39 168 135 158 185 150 139 116 77 134 100 192 24 42 104 98 111 136 13 115 121 72 105 61 125 85 174 97 79 183 159 164 169 191 161 141 179 113 190 190 25 172 183 21 155 119 72 48 58 93 146 70 123 178 30 94 10 4 34 193 0 110 52 58 88 78 99 88 139 41 37 112 167 47 77 84 122 56 79 152 68 41 19 112 102 132 68 114 61 109 113 166 36 97 62 84 136 79 1 196 171 170 23 124 135 0 134 73 111 99 178 24 181 92 169 40 30 198 169 62 131 69 140 173 48 26 193 188 106 92 114 18 30 44 77 192 141 147 93 59 124 80 86 135 111 44 67 73 117 0 145 186 126 59 38 169 137 140 3 170 189 99 126 159 7 63 89 68 119 64 117 68 123 110 154 9 87 133 93 137 70 152 5 4 134 69 67 18 180 151 171 74 124 93 25 2 9 193 135 64 108 181 43 92 157 178 92 191 108 72 139 117 142 44 64 198 4 147 0 104 73 191 50 103 85 106 185 115 23 83 121 12 88 161 15 59 84 166 17 188 13 61 119 27 197 59 42 80 4 40 182 121 112 124 67 130 127 76 41 91 127 13 94 22 41 46 152 181 96 121 95 138 82 4 179 29 67 107 66 47 106 92 180 101 140 148 179 102 3 164 50 188 32 189 11 165 95 174 151 14 186 97 8 159 120 70 136 2 75 163 27 186 1 188 155 169 86 87 7 81 157 132 140 175 97 128 83 130 82 95 187 96 25 31 126 59 124 149 173 179 47 195 22 86 26 85 135 15 106 69 6 102 183 155 117 114 57 82 46 182 8 149 161 164 127 89 59 109 41 194 122 66 65 80 194 157 0 181 29 151 140 144 165 54 197 11 162 163 172 60 126 97 133 143 11 125 22 133 119 38 32 100 101 65 86 129 40 126 90 8 20 59 55 59 104 127 75 92 123 135 79 44 25 178 5 26 176 183 32 141 143 12 26 4 28 42 54 181 94 137 87 171 149 116 70 6 170 156 199 154 170 61 111 60 107 142 191 13 35 63 0 119 21 132 106 101 40 188 158 3 105 141 111 69 122 62 113 85 195 30 163 17 9 128 80 175 56 118 126 77 114 154 162 115 21 27 122 54 77 90 77 40 0 80 54 192 10 166 173 86 18 112 4 129 184 30 183 96 58 98 175 164 191 182 93 186 107 87 145 132 67 96 66 131 169 58 100 66 11 39 109 64 120 28 40 20 178 28 5 30 131 94 183 6 116 91 59 105 10 153 124 91 90 81 38 162 38 27 191 34 193 182 32 63 124 91 69 88 6 77 78 85 105 124 126 170 196 99 184 5 155 18 178 85 154 185 93 77 134 171 69 102 59 81 190 72 120 24 41 95 185 108 16 122 14 171 143 104 199 159 193 59 116 147 122 75 173 88 96 186 160 17 22 26 177 143 108 65 117 85 10 170 152 11 164 82 161 189 110 192 111 84 179 180 79 135 99 75 91 83 46 2 31 189 178 7 116 97 45 82 163 174 90 23 126 76 194 157 71 80 78 172 29 13 63 116 192 28 117 122 172 51 2 150 101 16 158 0 122 27 19 77 103 133 159 3 23 77 11 168 126 102 141 103 99 159 79 58 85 84 175 174 8 77 54 113 145 121 121 18 81 69 33 40 175 26 12 160 17 23 166 52 94 95 176 91 192 158 66 37 60 9 189 188 41 168 3 185 32 43 190 106 35 190 108 107 104 110 173 50 166 22 73 124 190 55 9 127 148 137 80 104 63 119 102 139 89 149 158 146 146 142 91 60 116 143 140 35 124 182 119 182 31 44 64 130 110 53 140 105 84 38 22 172 128 81 170 23 123 46 33 55 113 57 177 83 103 64 136 36 97 63 125 24 90 120 55 45 68 51 88 103 50 196 26 188 195 110 118 28 182 58 90 9 91 77 158 37 103 118 14 191 123 133 83 26 7 69 44 76 152 164 48 72 96 184 54 61 82 107 0 29 186 136 178 141 94 177 24 34 9 159 87 78 135 106 3 120 2 141 64 50 13 63 196 114 169 156 11 94 114 62 83 18 173 164 35 97 31 182 165 179 92 26 154 196 7 68 17 161 39 57 124 107 5 162 194 34 133 89 146 178 94 57 33 188 109 189 161 144 194 114 27 189 133 129 184 199 37 77 100 49 1 30 54 134 122 65 23 44 163 14 16 34 59 114 194 160 15 174 89 132 198 29 164 149 113 138 82 173 22 164 165 199 65 188 23 167 50 83 113 49 136 139 129 23 48 110 63 118 135 34 123 110 193 70 122 94 102 0 184 61 126 132 79 198 149 7 134 176 87 43 84 54 1 183 30 58 6 87 82 18 44 80 130 90 88 178 69 143 131 80 65 98 110 92 47 96 11 32 4 65 170 195 189 106 112 72 67 137 99 185 85 174 114 122 57 191 33 185 154 186 127 180 78 133 156 198 121 118 148 68 20 116 79 51 41 164 26 187 31 196 18 171 95 82 128 134 42 169 152 131 65 118 140 162 82 131 119 135 80 49 173 26 199 197 171 4 120 88 44 91 91 33 159 173 52 117 180 176 117 128 62 47 28 6 68 38 61 83 105 188 116 144 138 180 94 158 16 28 103 184 46 87 132 100 54 8 150 108 108 119 75 55 145 163 123 47 28 176 75 58 110 146 168 157
3630.763711 meters