file sh-18.png
nails 200
imagesize 150
populationsize 100
elite 20
genomesize 3000
mutation 0.001200
minchunk 0.200000
maxchunk 0.500000
iterations 25000
stableiterations 10
goodgenerations 100
burst 0.000300
threshold 0.030000
ring_diameter 2000.000000
thread_diameter 0.010000
save_every 1000
history_step 100
---
3000 0.050000 200.000000  80 119 116 28 175 28 181 33 51 111 117 43 21 76 165 9 118 9 25 74 107 105 68 147 191 35 190 155 21 169 38 34 163 38 37 72 178 65 142 102 137 104 3 59 22 177 62 77 121 160 127 79 13 39 191 17 24 39 161 126 45 84 15 157 153 73 19 192 40 28 88 107 90 96 26 166 19 188 32 66 148 183 41 162 138 58 91 33 13 123 119 75 158 84 120 94 101 133 137 0 186 32 94 25 177 178 140 180 87 29 178 84 29 189 149 123 125 120 104 79 115 4 118 5 11 155 159 180 7 118 195 135 91 132 84 187 9 47 105 189 93 155 15 122 85 154 25 172 93 197 53 161 169 38 92 155 101 199 67 67 9 160 9 115 79 61 70 113 80 180 10 184 152 177 0 70 108 71 2 190 110 128 112 194 40 15 171 9 158 86 37 108 139 164 132 20 62 12 152 156 43 84 35 5 29 46 168 137 34 188 67 185 160 94 183 68 78 150 12 109 140 194 1 37 6 177 13 184 151 106 35 47 161 6 0 77 49 118 28 149 74 120 84 127 190 30 116 174 28 30 124 110 193 168 100 28 33 189 16 176 2 15 121 197 15 134 96 102 172 32 19 93 76 183 29 31 177 170 197 164 188 109 8 196 166 29 82 191 143 5 64 184 150 8 146 175 153 19 143 110 42 193 27 120 99 66 90 23 46 26 181 23 153 187 156 139 133 52 114 70 117 94 81 129 161 131 169 98 191 111 190 150 13 136 52 24 40 163 22 141 97 122 91 133 144 172 176 152 157 140 121 73 119 134 173 13 167 121 29 45 191 165 129 199 70 27 115 108 73 87 151 101 157 27 40 70 64 67 71 122 38 72 16 171 85 125 176 63 81 129 86 107 3 46 188 198 125 79 181 61 16 9 121 169 24 80 121 147 118 35 80 25 149 8 147 129 15 49 159 39 36 81 87 168 11 71 196 118 90 120 96 77 6 175 171 134 161 83 143 55 16 184 72 118 101 189 86 85 133 139 143 107 93 128 1 24 74 120 154 117 26 9 108 185 75 26 177 150 97 138 170 175 26 175 181 158 4 1 135 158 142 174 56 198 124 157 26 176 23 189 99 150 112 68 197 194 40 21 189 34 93 66 14 20 186 24 42 13 187 66 5 104 133 148 178 37 117 72 30 0 167 133 85 28 73 114 145 198 123 110 140 177 85 89 17 46 89 124 36 190 18 175 9 114 7 68 109 77 99 31 14 145 1 158 35 182 32 72 109 190 4 60 82 40 198 101 123 91 41 145 115 76 25 82 55 178 19 91 100 192 29 32 191 162 128 10 120 152 197 103 19 186 155 36 123 151 146 178 38 40 0 109 88 131 189 19 71 119 65 81 71 103 175 89 135 97 134 121 198 133 93 38 91 129 139 22 84 133 164 199 122 153 167 48 199 173 87 181 46 27 164 45 32 186 31 162 150 62 5 116 121 26 186 145 39 97 182 33 184 174 165 74 105 0 129 87 180 43 185 21 195 191 41 132 120 161 17 25 122 72 146 115 12 160 95 72 36 195 15 133 99 195 163 185 66 101 79 48 131 168 23 55 82 194 54 172 185 97 45 65 89 34 87 3 149 29 69 111 191 191 109 34 174 32 112 142 189 8 144 174 140 171 174 187 103 133 40 113 165 161 4 33 190 43 188 157 2 143 61 119 89 114 78 24 34 190 145 110 192 155 140 160 197 54 73 56 174 11 121 17 63 85 66 100 177 6 163 86 118 124 78 154 160 130 159 117 4 144 22 42 51 164 134 14 76 67 179 103 190 171 5 105 124 84 44 172 34 1 107 3 9 177 76 48 19 56 15 38 76 193 98 39 36 95 89 163 78 123 162 9 30 168 113 86 15 46 35 68 16 199 103 66 172 90 132 172 58 36 39 10 146 119 12 16 133 127 100 130 163 50 75 123 48 177 63 69 61 48 176 49 156 78 126 144 119 30 9 27 58 19 159 82 129 147 5 170 20 117 157 135 168 56 71 112 104 148 174 13 120 29 18 31 28 60 81 118 6 107 5 132 41 177 142 183 169 151 123 29 99 77 122 75 18 181 195 50 18 170 196 115 3 137 170 131 154 105 103 176 29 18 86 33 46 90 38 198 5 111 78 151 21 164 29 13 154 72 197 118 40 132 114 125 128 78 37 95 195 170 17 140 41 15 18 197 155 14 17 171 91 196 175 179 143 118 32 1 161 135 152 18 171 10 22 70 13 190 89 176 135 90 74 16 169 155 109 143 178 149 141 20 78 112 125 151 148 42 101 84 92 31 183 67 194 96 35 191 24 194 147 143 119 79 157 136 153 153 12 142 191 110 77 124 165 34 23 50 90 41 19 153 187 160 172 185 152 158 195 112 3 159 81 125 151 136 93 182 193 10 164 193 157 185 4 145 41 25 100 64 1 105 31 183 178 105 66 179 189 151 31 85 128 133 94 86 29 74 93 21 165 84 122 80 192 154 196 100 39 139 168 53 62 22 28 86 132 4 196 162 34 24 5 77 74 119 87 13 169 22 171 61 6 62 90 86 57 4 26 4 113 23 114 65 122 38 0 23 169 66 189 56 97 69 192 147 138 18 172 180 151 24 188 130 93 26 21 67 101 116 166 135 5 72 10 63 10 164 142 22 181 4 142 162 27 75 116 14 23 49 163 52 170 194 37 196 32 178 27 15 76 101 30 180 139 93 155 190 71 13 51 97 158 125 77 69 158 127 157 184 184 9 106 127 95 184 31 197 55 36 122 77 47 177 185 19 80 45 179 145 123 126 110 80 6 169 86 83 118 100 134 102 198 19 170 186 34 195 15 18 137 144 115 99 73 18 165 3 142 135 38 164 144 134 171 36 176 48 53 39 2 55 137 195 34 44 20 163 125 191 67 13 181 22 127 79 17 44 175 150 180 152 172 135 37 124 88 94 47 158 132 167 118 29 15 195 74 20 183 14 144 40 95 129 36 199 75 195 151 71 115 119 10 31 117 17 162 176 138 143 9 165 188 65 92 193 109 143 116 27 177 29 89 122 164 107 35 13 164 15 74 189 181 151 121 138 120 145 2 192 110 81 102 173 88 34 2 47 13 41 50 9 15 172 21 177 31 69 97 155 125 130 93 162 90 164 164 184 93 28 148 77 123 95 123 130 108 186 64 180 20 136 114 85 9 188 181 15 164 128 151 93 146 109 93 163 3 11 109 86 170 100 65 176 4 26 89 77 40 25 32 97 32 159 144 127 141 166 130 35 122 81 71 178 68 172 132 83 88 118 144 164 139 37 17 25 34 41 30 197 97 65 65 53 99 187 108 192 84 10 7 178 72 90 62 140 145 5 137 160 146 117 74 11 68 94 33 123 149 135 6 49 171 31 125 128 77 71 116 84 113 143 10 43 165 24 185 152 14 45 37 197 47 166 131 45 174 67 101 173 87 69 11 14 66 102 174 18 167 17 186 32 179 30 48 190 152 26 193 58 103 105 66 33 154 144 180 29 34 185 71 116 130 85 174 46 111 75 113 157 190 108 8 13 82 6 158 36 65 174 101 139 193 154 16 172 135 150 133 7 117 21 28 78 46 184 29 80 126 82 161 51 63 21 167 195 99 68 3 18 148 153 89 74 94 193 69 111 130 79 34 186 33 192 165 72 116 126 44 148 173 187 153 190 158 22 193 88 57 11 143 179 21 190 0 113 82 187 65 188 96 3 177 4 23 187 78 90 65 38 128 169 88 124 149 183 12 185 27 171 23 78 64 179 173 53 175 13 4 92 117 94 69 75 150 93 40 158 127 21 147 42 47 152 82 94 122 158 148 131 101 120 137 180 136 95 22 172 178 104 6 43 1 39 44 19 48 161 36 0 162 74 58 194 43 32 183 106 140 181 91 134 172 21 59 177 72 76 97 76 168 138 130 88 193 18 54 14 187 155 17 168 181 3 188 85 34 8 131 51 125 76 13 183 15 62 3 116 78 83 130 160 12 86 133 199 44 58 98 131 95 137 172 192 112 191 14 91 120 89 62 114 10 156 28 196 101 159 154 23 195 95 165 50 46 92 183 72 52 19 128 153 198 114 111 192 101 85 132 91 47 174 23 192 39 148 186 92 179 138 186 99 88 27 77 79 65 158 81 24 116 50 167 38 125 128 37 197 115 72 147 161 176 180 25 145 10 165 164 146 185 34 192 82 81 128 90 134 18 158 3 131 83 84 5 50 54 77 72 83 185 96 68 23 43 31 85 64 35 193 111 74 185 98 199 101 32 182 96 171 35 176 101 197 38 127 159 103 1 115 134 31 186 79 10 102 128 83 190 98 62 57 8 177 43 31 165 6 36 169 17 168 6 39 9 146 179 175 154 86 32 63 27 48 144 58 28 173 79 189 108 190 103 138 131 186 95 65 35 90 152 191 180 19 173 37 96 40 126 119 74 61 190 27 47 41 161 25 27 8 53 19 166 188 149 78 64 185 97 176 28 189 78 126 158 96 51 168 172 68 109 83 125 81 126 83 155 81 131 107 144 75 179 127 0 18 31 44 15 66 186 96 86 81 186 73 120 28 179 59 77 96 128 80 130 154 167 23 111 105 150 15 189 38 113 75 184 163 199 184 7 115 114 119 33 70 87 34 16 6 64 101 111 1 22 149 91 84 181 34 170 25 166 84 178 147 20 178 50 6 166 142 11 188 182 91 119 99 170 23 140 92 172 180 67 97 56 13 45 175 140 25 62 2 27 171 41 160 44 168 140 198 56 57 189 19 170 22 8 20 173 154 10 144 196 49 27 19 67 88 153 135 20 141 151 83 29 176 45 54 175 105 119 140 171 20 84 75 178 25 182 145 139 184 79 194 33 161 178 100 74 19 112 97 197 33 49 94 86 120 4 8 160 2 109 197 44 20 181 71 181 107 67 22 46 103 73 18 5 162 136 192 35 131 86 125 78 121 95 130 0 4 168 13 177 11 162 160 126 101 40 189 145 148 152 183 97 27 152 194 100 96 159 22 188 116 65 93 70 7 164 129 146 181 2 25 29 72 34 196 148 187 106 4 99 122 30 199 79 36 68 173 8 60 88 59 59 92 104 68 55 70 106 131 164 1 116 25 36 190 91 94 137 140 148 86 130 99 69 180 26 156 77 88 172 15 8 64 188 139 132 99 193 135 110 74 101 158 46 152 175 178 32 126 142 167 150 193 128 157 19 180 148 124 91 121 84 100 92 155 5 66 99 88 129 161 0 68 190 148 167 193 165 7 113 74 72 117 108 4 114 81 65 186 95 135 116 135 166 130 99 45 182 68 110 67 178 52 10 79 124 55 12 19 196 123 195 193 146 129 172 148 11 172 133 93 20 38 194 156 111 68 148 115 123 143 167 19 58 25 170 50 54 40 78 67 173 12 71 62 89 53 182 94 133 90 44 5 13 180 156 196 31 169 185 156 2 2 59 58 180 141 8 144 162 27 169 143 192 0 176 23 60 26 150 101 78 116 181 36 197 102 39 78 106 196 178 157 42 67 52 0 107 68 150 158 140 184 24 79 113 120 15 85 147 115 170 24 12 50 163 85 101 51 183 61 74 34 1 31 175 198 154 9 46 167 14 60 145 28 187 75 44 92 132 82 149 181 164 127 37 102 105 163 8 145 58 47 22 77 127 185 148 40 80 103 89 184 77 73 29 28 30 196 112 143 63 16 120 85 132 105 183 150 74 111 136 94 75 22 115 3 46 63 87 75 51 176 149 168 132 159 2 54 96 192 113 141 104 199 175 136 47 182 14 125 82 117 185 6 25 144 107 131 0 104 175 142 170 16 81 183 139 146 175 137 172 103 69 35 184 164 79 121 40 28 197 179 184 146 195 159 106 162 8 151 185 60 71 62 69 100 98 69 173 13 166 153 97 93 114 28 11 176 103 118 25 177 146 115 70 96 144 141 103 173 23 42 61 103 71 110 141 5 7 67 58 25 147 198 35 46 156 189 160 113 154 137 178 170 21 2 55 139 162 195 39 24 175 170 135 98 189 191 145 170 2 114 171 22 190 43 50 160 148 30 183 107 192 151 43 11 44 103 104 2 54 57 172 194 97 107 81 66 53 66 181 150 119 82 129 157 10 141 168 165 137 143 184 25 164 16 39 5 55 119 96 191 156 74 115 2 78 127 140 129 113 193 14 175 168 20 110 27 147 175 110 193 24 117 5 88 135 178 162 130 111 39 195 32 188 152 23 39 17 113 10 168 84 95 44 19 111 71 16 93 63 74 113 70 151 144 1 165 176 181 70 1 189 199 29 46 8 196 103 68 29 93 134 108 108 187 29 98 37 126 122 87 90 61 85 68 8 2 189 160 6 75 120 89 136 102 194 66 26 169 155 173 73 115 121 74 178 22 168 37 115 16 24 142 151 23 92 71 67 82 46 153 188 25 122 137 99 53 181 31 70 25 133 163 55 44 42 88 167 22 92 159 188 103 48 6 47 155 168 84 68 44 7 108 189 23 1 133 98 22 31 187 83 182 32 191 179 26 181 105 1 199 78 21 12 195 37 45 154 22 167 131 83 100 167 15 152 174 197 104 37 154 159 173 9 119 40 157 135 184 56 43 124 148 0 128 163 13 37 111 193 186 33 30 54 97 189 80 96 79 83 72 102 173 2 103 126 33 187 26 184 66 119 168 168 171 159 15 166 199 13 44 105 2 114 143 7 167 8 123 9 39 157 182 17 169 20 139 97 62 101 141 107 53 50 185 32 35 3 115 199 34 186 145 100
3622.495633 meters