file sh-20.jpg
nails 200
imagesize 150
populationsize 100
elite 20
genomesize 3000
mutation 0.001300
minchunk 0.200000
maxchunk 0.500000
iterations 20000
stableiterations 10
goodgenerations 100
burst 0.000300
threshold 0.030000
ring_diameter 2000.000000
thread_diameter 0.050000
save_every 1000
history_step 100
---
3000 0.050000 2000.000000  183 190 34 131 169 22 181 178 136 101 11 169 14 74 152 116 111 3 58 178 134 107 74 146 134 84 121 103 153 78 51 191 145 148 7 161 101 157 45 89 110 159 100 196 102 151 87 160 186 121 18 171 151 191 6 153 78 48 48 178 79 150 81 150 160 118 78 67 122 70 99 70 145 155 105 86 182 79 94 148 103 89 23 90 151 85 147 71 134 76 40 139 7 39 50 171 178 64 181 166 117 191 163 12 184 25 157 90 88 192 130 84 77 179 153 175 57 58 137 125 21 112 74 176 165 178 72 74 139 68 96 152 100 159 3 103 115 0 187 149 64 11 160 117 156 189 50 104 67 149 171 198 157 9 38 150 105 49 66 146 184 91 49 65 137 58 136 142 175 151 111 20 14 75 71 149 89 120 13 195 192 169 116 117 95 161 1 29 65 60 98 21 168 129 43 156 189 146 172 132 132 27 178 131 64 113 185 152 85 84 39 197 73 11 99 57 1 33 23 179 30 127 20 31 184 160 2 144 87 128 39 120 35 198 131 29 11 161 110 55 197 60 91 157 153 81 59 51 9 100 13 111 40 84 64 143 175 160 134 3 116 29 0 52 81 147 89 134 33 65 129 154 80 142 117 9 55 47 38 8 24 46 114 166 199 155 183 82 10 36 5 164 108 72 54 119 90 40 15 78 44 40 80 16 171 137 33 140 108 10 159 88 96 199 112 12 84 153 170 0 194 148 177 53 88 54 6 166 132 107 106 45 96 193 20 45 50 107 46 59 123 140 102 50 55 26 163 188 110 189 47 195 26 112 75 154 131 150 87 141 61 125 58 106 140 65 97 134 28 122 94 136 93 103 62 14 37 35 32 45 38 5 144 95 170 102 73 24 22 84 170 22 81 81 10 165 21 92 89 183 86 33 116 60 119 31 69 118 62 90 138 119 191 172 83 188 171 145 194 158 106 22 5 179 114 22 71 148 121 192 60 135 83 18 79 129 25 172 176 139 69 116 158 192 34 186 23 171 51 15 164 86 146 64 58 92 14 36 36 195 61 68 143 94 110 5 70 147 145 181 180 10 114 182 65 103 36 38 35 120 123 164 74 136 132 171 130 88 138 66 108 130 53 51 175 88 111 6 118 93 155 111 75 81 155 149 94 22 19 41 170 126 110 21 30 182 130 73 137 118 41 96 123 185 143 78 46 186 10 113 140 164 109 185 98 134 160 99 10 191 124 25 27 35 18 110 72 16 99 57 118 3 159 104 130 92 149 93 118 47 29 124 62 132 62 140 56 49 26 170 112 10 1 96 146 135 59 178 0 162 116 93 194 100 163 127 67 73 90 158 53 105 12 164 101 114 192 96 15 63 131 134 165 184 140 64 15 94 85 101 67 68 58 130 24 119 65 119 2 107 75 36 196 33 184 57 93 185 10 130 93 154 163 110 140 156 195 103 52 36 194 33 59 136 145 178 190 167 15 38 30 51 140 7 173 196 7 109 1 69 147 83 68 58 5 98 93 66 144 3 165 124 0 67 114 87 91 22 54 6 184 67 86 153 99 157 4 182 43 131 141 92 188 82 40 44 67 3 66 116 120 123 85 184 160 92 183 115 163 198 67 88 189 147 144 82 139 133 54 91 26 136 107 59 15 165 26 42 116 116 198 150 122 157 142 17 99 126 110 58 135 67 32 8 111 10 197 157 109 73 151 126 121 146 72 84 186 130 25 28 174 14 48 171 80 73 122 77 81 187 63 45 99 119 155 118 74 137 82 148 78 146 179 26 45 168 0 125 161 150 98 97 96 49 99 7 15 19 30 189 119 161 3 10 178 13 47 46 33 100 52 64 149 104 51 92 45 188 92 99 40 123 80 70 151 185 163 125 81 19 49 117 167 42 156 148 75 3 71 136 179 29 193 53 100 155 112 113 20 40 49 61 134 13 115 10 94 90 182 149 178 154 99 66 77 16 12 74 109 66 70 123 166 112 0 7 8 19 97 4 107 185 80 40 21 194 26 94 57 190 36 36 122 84 144 63 59 114 162 45 81 89 183 172 151 184 25 116 55 195 44 33 63 115 56 123 66 112 65 124 125 121 161 5 72 95 6 33 104 105 57 126 37 19 127 168 11 172 56 117 147 151 86 50 129 165 177 21 81 139 32 94 75 13 177 12 190 8 97 79 151 119 64 37 57 129 65 127 79 132 34 197 73 83 10 38 14 164 184 88 44 102 90 32 3 35 197 20 76 7 166 199 199 60 130 66 80 84 133 43 82 85 189 94 30 49 76 146 39 17 114 26 91 80 124 162 127 194 16 168 192 30 31 181 151 178 71 160 2 199 131 179 114 28 187 82 24 9 0 13 19 124 120 94 17 18 172 147 175 18 189 29 59 175 25 177 26 183 175 61 110 95 185 154 81 154 124 72 114 79 38 45 152 140 37 40 87 139 109 24 180 81 104 196 61 85 63 24 186 7 129 82 171 137 163 75 75 51 92 88 12 165 2 144 149 93 94 15 173 140 154 95 130 21 24 110 85 153 92 111 68 195 32 93 132 188 83 76 93 145 118 159 7 111 97 159 107 53 31 28 181 22 129 83 82 152 106 2 166 7 0 190 107 152 76 113 143 75 128 122 74 165 13 89 43 57 110 81 17 118 30 129 79 26 55 187 49 38 110 127 53 99 113 43 62 43 81 148 189 50 115 135 84 189 32 111 56 92 42 115 139 129 86 27 26 113 199 53 104 44 99 194 160 182 137 38 61 180 142 62 108 14 196 104 161 156 102 87 77 147 122 62 125 130 98 161 130 71 147 97 39 40 77 14 23 176 165 166 20 122 55 173 56 86 23 87 187 156 90 141 72 141 83 11 107 73 47 72 56 180 82 137 130 23 188 2 184 31 49 188 146 70 106 187 85 126 155 94 92 155 117 88 182 199 2 114 163 10 79 141 69 96 89 41 60 10 85 121 180 178 142 79 156 104 81 148 176 150 75 138 169 5 0 192 91 155 95 107 158 178 116 164 162 9 188 96 195 100 132 192 38 92 150 84 24 120 14 126 44 104 116 38 82 151 83 155 199 46 44 79 68 143 145 79 153 94 64 138 96 64 107 69 34 109 85 149 195 33 133 36 22 77 115 9 162 12 76 128 94 187 31 28 10 76 121 177 174 147 71 97 191 167 192 153 141 150 156 44 155 188 35 194 30 87 115 112 66 142 163 99 132 73 154 127 120 168 18 186 92 172 172 127 87 188 34 36 57 96 141 103 59 182 136 126 127 63 93 141 169 131 195 28 21 74 60 87 119 126 51 14 123 43 73 81 60 136 68 69 57 7 121 68 75 28 11 171 149 75 6 101 28 7 102 38 5 6 78 128 166 17 56 40 69 42 68 133 86 63 106 3 155 146 180 25 91 18 94 144 135 178 83 43 96 137 168 181 189 145 55 35 191 5 66 132 36 111 74 22 176 25 192 46 69 113 88 55 5 57 128 149 68 88 180 107 170 181 119 143 69 24 3 105 3 76 130 158 195 42 107 102 6 164 199 167 31 37 66 83 146 66 41 135 162 120 96 117 175 54 123 107 16 177 72 159 121 97 132 59 99 99 193 68 144 84 183 123 34 14 32 50 51 45 199 113 39 35 188 34 90 127 154 156 126 174 59 86 121 105 100 101 155 88 153 74 38 32 183 193 89 86 188 25 50 123 19 47 53 93 43 73 144 74 134 60 120 103 197 110 181 195 18 96 141 67 131 77 154 191 29 114 169 14 115 66 44 82 72 150 191 52 122 89 107 71 113 141 63 139 42 137 34 140 173 135 147 67 15 172 2 68 148 157 112 51 28 98 66 65 80 44 72 149 119 29 177 21 174 24 20 179 61 34 29 41 90 161 13 25 40 76 49 116 128 130 131 13 77 120 41 103 73 199 78 181 82 151 190 198 103 19 23 69 124 20 40 117 29 119 165 9 170 18 1 4 159 124 69 178 26 131 41 3 1 126 114 192 122 190 94 55 36 61 126 71 132 55 133 60 82 139 44 133 89 89 182 31 182 143 129 149 70 57 124 61 131 112 193 99 80 180 12 163 153 92 157 3 28 179 75 136 172 139 70 102 197 158 135 81 141 94 132 72 83 156 135 96 54 114 154 125 94 39 39 127 61 104 46 91 138 64 4 173 1 22 79 49 192 100 194 179 68 89 108 37 29 181 19 172 128 58 197 106 129 152 65 123 93 90 123 53 6 152 175 23 163 104 17 85 154 167 12 173 16 39 13 66 138 113 23 173 169 164 89 132 84 83 135 72 2 28 130 162 133 87 53 89 136 39 50 110 79 181 79 50 79 46 26 119 14 15 22 108 17 41 130 170 45 75 53 125 17 40 4 150 77 53 187 83 137 176 193 164 79 134 53 82 143 97 141 179 131 87 153 190 95 189 113 72 81 43 22 171 53 58 70 44 97 62 69 149 194 118 138 120 165 152 79 39 70 71 18 186 159 196 107 69 177 159 152 84 155 130 69 85 34 189 55 197 195 101 12 116 40 52 114 86 147 179 150 117 57 81 153 170 21 20 104 149 192 88 83 36 14 162 100 98 93 70 72 57 135 85 178 13 37 82 78 49 30 16 1 31 49 92 25 122 150 3 9 110 11 58 59 64 123 67 104 163 184 70 143 156 156 98 16 164 194 28 119 12 97 124 162 191 30 43 103 65 132 46 87 58 139 9 134 69 87 95 191 96 29 183 108 97 46 71 144 106 114 57 130 158 3 150 88 138 36 197 196 149 78 127 27 37 194 63 136 32 138 141 113 119 13 77 119 90 144 64 102 61 110 169 16 190 59 84 41 11 175 30 45 88 62 25 183 81 152 144 67 136 151 121 56 23 192 36 129 142 75 79 17 122 62 128 26 155 104 6 32 33 186 96 28 9 143 192 32 33 13 8 26 152 158 102 58 33 2 59 56 79 172 23 39 63 143 58 85 14 57 112 93 122 115 69 72 116 63 146 177 27 129 41 4 97 130 131 165 10 180 59 138 71 38 43 71 143 100 18 24 114 37 59 199 187 164 116 86 88 144 108 150 182 171 133 179 29 185 135 58 25 178 187 92 43 12 41 72 96 62 118 116 64 95 125 96 121 178 64 58 98 119 101 156 185 8 20 49 17 166 174 46 29 183 88 21 123 32 191 48 95 117 28 176 140 160 107 162 1 151 164 125 172 160 139 121 102 88 118 75 137 77 134 132 70 10 161 198 109 162 8 11 164 0 69 152 190 88 68 145 104 152 77 95 107 54 39 122 131 123 127 139 137 138 16 163 194 96 117 158 126 174 128 140 132 136 65 98 57 177 148 85 149 125 57 94 69 85 140 129 169 10 195 150 78 146 90 94 82 20 85 131 74 145 145 1 56 113 146 81 186 153 118 55 18 38 21 29 18 181 171 142 83 155 162 9 164 4 160 150 163 120 85 115 128 84 135 103 160 156 193 193 98 145 73 121 170 139 171 3 57 141 177 28 128 75 78 112 151 179 85 45 198 195 65 147 119 168 31 48 196 69 131 176 107 45 45 97 74 110 45 44 7 80 51 55 37 45 41 80 154 0 55 15 13 13 69 199 30 98 91 113 107 122 125 91 184 179 15 42 119 26 109 38 68 124 87 159 197 167 129 7 124 59 100 38 199 29 6 179 7 71 127 67 72 9 33 107 147 75 103 103 174 125 126 143 101 74 147 81 80 44 154 177 84 148 86 27 2 185 191 33 64 123 166 199 65 6 35 13 167 1 120 158 6 197 174 112 98 192 91 93 168 29 61 86 154 187 34 37 81 7 19 91 23 190 117 33 115 63 82 75 5 162 136 121 64 12 84 146 189 96 155 108 63 42 111 72 37 128 112 24 115 162 113 73 126 61 107 98 54 77 41 125 59 180 145 109 179 118 86 66 32 107 113 24 173 24 8 54 106 63 145 133 175 27 24 40 125 47 160 96 59 132 164 16 103 159 107 120 120 28 182 78 116 16 169 187 171 175 22 129 61 41 99 103 116 184 94 101 56 73 4 1 58 110 167 121 73 141 118 65 139 145 80 53 79 147 65 17 106 132 51 19 177 136 54 194 159 112 113 178 133 163 114 157 143 62 72 68 118 132 97 87 111 116 52 172 143 77 19 28 46 66 19 4 44 68 176 50 194 154 174 185 31 189 43 112 54 46 1 36 88 105 94 175 161 109 26 176 0 144 73 143 128 60 141 186 87 182 84 151 144 92 57 8 190 34 30 92 56 35 186 4 169 20 36 22 84 187 129 67 142 6 20 85 143 92 139 102 86 120 157 159 195 76 76 82 107 19 116 83 40 45 140 100 139 62 66 126 162 117 139 115 64 143 79 111 154 43 79 85 11 187 114 164 124 72 128 25 21 111 12 198 177 18 144 98 193 197 101 137 6 36 108 51 47 173 131 62 59 13 104 35 73 22 179 74 117 79 183 103 2 177 166 31 193 97 107 49 193 160 138 173 151 112 26 181 195 105 88 94 128 127 86 42 16 93 160 126 61 35 62 129 96 6 173 131 198 182 145 111 188 147 66 140 113 138 179 18 19 169 9 12 75 101 109 56 46 137 86 76 9 189 166 194 24 128 164 183 156 134 75 7 7 158 85 134 47 158 84 122 147 84 61 113 182 148 74 61 142 84 70 53 116 165 184 72 49 171 21 181 92 192 186 146 161 105 179 8 81 177 29 99 136 87 178 24 37 126 140 116 164 12 114 53 88 150 77 43 18 88 87 41 150 75 142 124 75 149
3643.664754 meters