file face-3.png
nails 200
imagesize 150
populationsize 100
elite 20
genomesize 2000
mutationcount 0.001
mutation 0.010000
minchunk 0.200000
maxchunk 0.500000
iterations 10000
stableiterations 10
goodgenerations 100
burst 0.000100
threshold 0.030000
ring_diameter 2000.000000
thread_diameter 0.010000
save_every 1000
history_step 100
---
2000 0.010000 2000.000000  193 191 31 22 165 24 11 35 28 109 145 1 172 124 183 77 145 72 74 101 21 63 69 22 102 56 110 62 132 165 182 125 128 62 3 118 156 132 79 135 19 162 162 140 88 58 14 96 16 134 134 81 160 98 163 99 20 81 151 11 32 169 142 108 196 132 194 180 112 30 13 44 10 31 98 178 164 97 159 85 185 39 74 134 154 144 81 190 164 90 21 165 29 17 49 117 160 94 175 61 15 153 102 197 112 2 148 15 83 23 45 74 146 71 103 103 194 193 94 94 61 115 162 21 21 102 195 125 125 63 190 107 60 18 164 169 151 4 112 147 139 18 128 186 59 152 27 175 9 37 191 101 167 186 34 166 96 153 13 9 3 117 69 39 124 139 72 21 138 137 82 133 74 128 25 184 193 88 133 67 135 168 183 43 43 189 125 125 183 184 12 59 103 21 62 129 81 152 62 120 181 30 68 131 157 102 166 192 193 76 9 46 19 103 57 91 98 18 180 164 137 137 57 144 79 114 114 6 167 34 70 67 137 96 1 111 3 12 83 63 25 107 42 14 132 193 105 198 145 148 127 184 72 78 132 131 29 99 65 101 34 91 141 73 129 14 175 178 19 122 122 61 64 111 150 117 67 111 162 137 66 88 21 46 12 164 133 18 29 166 71 142 7 18 140 93 166 199 113 57 88 124 174 132 187 187 40 191 146 123 20 144 138 153 113 77 58 149 197 171 193 140 129 68 139 156 136 87 20 46 73 111 154 82 46 17 78 38 33 168 112 61 130 144 54 76 98 98 155 74 38 185 133 73 90 32 11 80 147 89 134 142 161 95 68 73 144 110 82 16 58 80 138 198 70 138 158 101 163 19 136 153 81 45 9 39 72 40 78 25 106 163 142 87 146 197 183 130 71 175 173 35 181 159 88 52 73 188 45 83 58 108 28 151 140 194 142 116 116 160 87 186 35 22 89 17 123 125 36 66 111 61 19 154 88 64 121 162 135 135 91 145 199 114 81 140 185 147 118 8 189 190 75 157 106 2 131 186 130 130 81 10 123 79 16 94 110 109 107 40 180 37 18 109 110 75 193 104 80 131 85 58 112 112 155 165 179 133 78 159 25 103 167 166 28 25 71 138 137 68 58 111 169 24 69 143 23 25 165 94 87 53 191 10 120 120 64 39 176 7 120 68 150 103 193 44 44 130 76 89 82 143 150 128 64 20 167 177 30 157 18 121 172 143 75 182 39 67 15 130 13 45 140 168 137 190 151 95 53 81 72 77 121 16 198 100 80 75 58 90 96 189 44 84 147 87 28 157 130 84 129 27 22 166 26 140 83 155 136 126 173 159 82 150 30 192 55 145 124 19 139 172 26 35 177 28 95 14 12 91 79 143 192 59 15 39 23 140 74 189 181 23 63 84 135 197 197 41 189 187 146 91 95 162 179 196 196 39 184 192 192 164 95 91 150 149 149 0 197 37 22 28 128 187 174 60 115 66 28 106 106 159 81 98 191 188 147 2 134 67 179 70 139 147 78 66 129 11 49 76 4 4 149 76 104 104 57 71 100 190 105 61 93 25 150 21 36 185 129 24 171 32 177 125 128 27 96 83 136 73 102 60 10 27 67 33 103 157 170 116 4 147 76 127 111 59 56 87 134 163 168 185 126 66 90 56 190 96 179 19 38 188 100 183 133 134 86 147 82 49 136 72 148 98 93 121 7 160 96 28 89 42 125 194 171 34 94 26 102 159 21 182 77 155 162 99 159 118 59 115 82 50 139 99 77 192 79 115 4 84 100 167 30 126 153 75 38 31 68 180 116 5 5 114 74 148 88 96 100 191 138 131 162 128 165 169 172 178 181 119 10 63 131 87 130 23 25 168 170 120 149 87 27 29 187 57 109 111 116 116 152 80 91 90 148 81 0 44 2 118 7 37 24 81 155 194 33 134 144 110 80 136 48 23 82 151 10 162 133 68 106 191 189 170 191 129 172 8 41 186 187 77 86 98 152 154 172 175 38 179 32 188 55 146 78 151 60 75 70 143 91 165 28 22 148 85 118 61 150 85 25 160 86 142 17 34 72 131 151 79 51 78 149 155 20 180 180 114 163 100 161 129 141 165 99 15 82 20 148 111 79 131 187 84 15 95 192 189 73 56 145 24 148 78 194 147 29 14 14 69 137 150 5 146 72 84 56 192 126 148 76 190 190 130 185 31 180 190 99 68 181 37 136 65 108 60 110 44 78 72 81 65 25 66 131 12 132 17 97 162 9 175 39 47 86 49 81 78 144 199 69 94 17 65 135 92 102 58 12 77 94 162 152 120 171 140 70 38 199 82 0 83 150 6 5 117 35 154 132 83 48 18 22 117 1 99 98 149 84 158 161 135 89 21 143 147 130 73 177 99 189 72 121 159 155 62 133 132 4 72 141 55 105 115 172 127 188 1 147 121 28 98 57 149 83 159 122 10 124 11 9 5 0 193 102 183 174 158 19 99 71 137 17 19 194 193 125 65 127 160 162 146 54 70 178 40 90 49 20 100 54 29 70 136 50 12 13 125 163 95 16 138 25 18 62 17 17 194 188 146 29 8 168 106 106 59 63 33 177 100 150 123 65 129 12 123 18 138 187 141 83 110 198 199 147 79 142 72 177 129 85 62 63 128 38 177 26 36 199 199 40 189 145 139 132 31 64 131 74 144 166 107 168 136 71 135 15 85 193 79 7 117 19 138 93 78 11 16 98 74 61 18 124 196 38 101 61 16 83 43 185 184 70 133 148 155 161 23 41 183 132 70 100 145 143 157 90 87 161 180 185 104 104 40 16 154 66 78 72 59 10 74 93 95 146 1 37 184 181 176 37 98 21 22 130 147 26 193 100 19 160 130 184 184 172 192 127 64 56 80 199 106 71 187 133 160 137 25 92 150 7 131 83 62 92 142 143 145 143 187 167 168 178 17 8 6 3 113 146 24 63 122 66 113 2 130 181 73 4 64 138 72 78 128 128 43 76 108 108 108 70 22 138 167 29 96 54 95 57 140 192 142 25 169 52 135 16 177 184 73 135 184 32 22 145 75 131 24 104 37 173 170 33 131 128 191 179 69 75 0 105 167 121 182 34 179 74 85 6 86 112 82 69 29 37 195 59 175 15 17 36 9 123 75 90 159 161 103 55 94 147 110 163 139 191 177 27 167 126 65 143 52 193 169 196 109 104 168 196 105 37 19 86 188 64 22 149 118 118 118 191 162 102 63 64 18 19 142 195 32 166 160 161 113 113 89 47 19 149 189 78 97 29 174 130 130 188 102 76 66 127 17 155 157 141 80 130 12 44 27 157 79 146 21 13 43 12 47 62 23 90 154 192 17 60 77 152 125 60 93 56 107 58 97 192 89 153 71 67 126 42 67 93 50 195 107 71 140 5 78 185 123 156 20 166 193 101 166 21 42 42 75 149 7 8 24 35 102 102 34 31 179 39 177 104 56 50 46 23 169 105 106 72 78 14 104 187 36 179 65 120 156 82 157 85 135 189 124 155 173 93 52 80 181 36 31 134 75 128 126 126 18 136 136 97 197 0 2 107 57 87 184 163 94 60 16 41 77 190 136 150 151 165 178 166 13 85 155 63 19 155 193 38 62 20 153 112 5 86 53 91 79 91 24 21 141 92 71 147 91 191 136 189 1 132 91 64 26 164 89 50 9 16 176 74 76 46 189 181 179 98 158 86 68 134 169 182 63 129 45 199 45 112 3 47 32 34 169 146 28 71 74 111 181 100 55 92 24 140 52 88 137 6 121 151 97 19 66 135 12 10 77 101 22 66 134 133 133 19 141 54 142 186 139 193 156 91 63 117 62 97 88 144 92 77 153 61 172 178 73 186 43 188 89 131 194 169 115 5 11 126 144 186 100 148 86 81 185 101 73 105 194 136 47 134 93 195 141 139 132 163 108 88 90 152 10 90 30 98 54 53 139 71 178 69 176 13 60 99 33 1 114 63 119 119 6 30 65 71 127 191 195 0 146 108 109 109 87 26 84 97 30 168 194 106 120 80 156 86 138 150 190 174 154 83 74 44 15 139 95 178 127 127 24 93 90 191 148 59 120 119 60 84 132 86 187 103 192 137 72 143 196 173 132 187 76 188 26 156 126 188 35 184 186 77 148 6 7 9 121 84 114 67 145 29 69 134 72 77 97 173 2 31 65 27 94 65 22 122 122 11 59 69 32 183 75 35 16 51 92 139 76 143 56 138 135 172 14 59 116 61 62 23 186 42 61 13 191 123 123 154 87 30 92 32 15 68 136 163 123 60 11 92 174 154 64 69 131 188 79 117 76 39 18 85 22 27 185 23 138 161 133 69 78 152 143 145 115 6 150 159 155 152 138 75 180 18 154 143 145 149 6 77 129 64 82 189 188 140 99 56 89 158 194 127 6 116 33 182 78 36 171 158 87 144 99 147 85 113 60 98 97 67 124 11 123 41 185 20 61 186 133 90 90 73 140 22 157 29 10 36 36 174 134 161 167 149 73 99
2471.657799 meters