file sh-17-lowcontrast.jpg
nails 200
imagesize 150
populationsize 100
elite 20
genomesize 2000
mutationcount 0.001000
mutation 0.010000
minchunk 0.200000
maxchunk 0.500000
iterations 10000
stableiterations 10
goodgenerations 100
burst 0.000100
threshold 0.030000
ring_diameter 2000.000000
thread_diameter 0.010000
save_every 1000
history_step 100
---
2000 0.10000 200.000000  182 179 150 129 157 10 22 165 0 188 191 48 0 145 177 29 191 155 164 17 182 175 156 183 163 20 168 43 141 194 105 130 69 198 34 3 80 1 81 45 68 41 65 170 188 100 190 97 107 67 49 148 189 156 194 104 96 111 14 167 21 187 8 70 86 57 185 30 0 62 172 18 162 177 80 121 92 184 122 58 169 86 198 114 55 49 93 179 27 186 23 166 151 190 177 172 178 89 84 115 48 173 116 117 145 141 99 140 108 66 131 92 14 29 40 12 95 141 10 152 69 13 81 22 111 18 81 164 168 21 121 190 44 29 57 38 71 157 188 45 91 25 46 107 187 94 114 142 148 169 15 165 21 182 20 115 72 172 95 91 181 28 86 5 159 141 150 9 75 39 1 158 151 135 69 78 183 123 26 44 107 42 11 159 33 13 162 198 160 4 158 138 102 74 54 167 1 33 142 4 23 3 137 80 169 172 73 44 42 26 195 70 151 155 188 6 112 89 180 158 7 69 118 10 168 153 187 17 121 174 90 138 1 174 85 157 2 156 184 62 123 61 82 136 199 158 178 24 24 191 120 73 90 38 59 168 157 3 160 185 155 143 91 137 141 119 34 90 23 35 60 129 67 180 192 109 46 29 2 43 66 130 62 178 169 39 21 162 174 96 128 63 13 78 160 81 137 85 16 160 73 92 139 181 17 32 184 79 164 115 23 192 155 145 120 69 173 159 9 170 72 78 112 77 4 52 53 76 171 187 14 171 156 135 76 172 22 180 14 193 22 115 74 192 27 25 128 171 112 112 18 180 30 157 122 69 89 175 177 82 115 150 8 15 160 170 41 77 115 65 130 124 86 173 26 43 82 5 69 80 161 166 185 16 62 129 64 118 142 107 189 108 3 110 18 164 140 94 62 199 11 119 31 8 0 75 118 21 21 39 31 28 31 104 90 166 84 98 48 87 175 11 168 83 19 39 33 61 130 83 167 149 163 82 174 52 194 103 57 57 121 93 180 85 140 173 120 144 196 71 63 131 64 169 42 164 185 105 62 124 77 19 94 117 61 88 143 3 74 76 198 117 24 170 25 199 20 173 9 44 50 81 139 109 58 112 73 56 142 154 184 176 76 154 183 167 20 73 190 107 185 104 72 194 27 10 160 181 86 139 105 49 76 0 195 170 42 188 191 106 48 96 185 101 29 94 135 105 189 27 120 154 186 13 97 182 30 199 139 95 132 100 15 17 161 35 190 101 177 93 176 146 3 41 103 193 161 89 50 45 130 90 137 175 91 182 73 129 156 181 41 105 11 19 89 100 137 72 150 138 151 126 75 177 28 183 94 40 72 78 135 80 173 53 48 28 185 108 51 79 121 55 54 107 103 61 37 67 105 55 106 59 190 33 7 72 45 30 40 83 18 41 70 112 134 49 166 11 73 75 94 49 24 126 68 113 54 66 123 77 137 103 82 173 13 120 192 0 157 186 19 90 9 187 134 71 135 0 119 40 20 176 166 46 50 1 164 20 93 108 89 12 174 80 43 12 192 5 133 85 171 161 169 197 115 63 37 21 173 78 176 153 68 88 131 129 68 119 72 78 147 73 134 161 169 145 161 19 111 167 23 176 90 178 179 29 84 167 19 49 81 53 199 115 154 131 68 112 145 154 175 140 97 46 62 67 101 62 9 36 118 1 15 163 179 40 27 123 78 90 133 99 24 175 69 113 194 12 154 171 26 198 49 125 78 43 41 25 93 10 185 32 85 30 181 90 183 97 11 118 25 176 92 180 164 16 191 195 0 108 19 115 106 53 70 43 87 127 78 90 103 125 72 10 33 3 140 68 6 67 5 125 195 187 176 140 96 186 25 18 42 88 84 92 183 95 182 199 148 148 175 71 127 89 85 113 118 28 14 68 122 5 105 109 155 6 12 184 51 85 121 116 197 103 60 128 192 15 199 77 51 87 16 188 108 193 118 65 145 145 196 111 66 120 63 2 32 187 182 31 189 188 32 117 183 152 118 87 174 88 6 38 60 107 62 122 128 77 36 119 155 159 0 52 3 54 103 127 26 174 198 157 77 25 94 136 80 162 195 82 2 19 169 104 41 189 154 118 122 79 107 89 32 28 175 27 2 176 129 184 121 122 23 46 70 58 96 131 83 56 81 172 24 95 45 33 198 167 48 83 121 152 120 185 103 184 181 93 141 130 88 86 111 110 20 87 81 116 99 193 50 75 182 93 40 171 78 167 22 29 195 31 91 18 69 7 20 75 171 105 58 66 135 4 84 52 25 171 66 122 128 61 111 111 63 96 41 12 163 151 132 81 187 99 176 172 178 77 121 88 122 15 39 67 47 7 149 133 128 122 144 105 193 7 89 54 115 113 57 65 102 101 140 104 60 112 159 17 179 70 91 22 66 96 183 184 15 166 92 168 197 18 183 157 159 182 74 65 51 168 173 191 104 74 123 155 157 143 108 92 165 34 13 183 104 17 169 199 73 133 42 126 93 98 154 191 175 181 179 100 186 104 75 82 21 54 80 63 130 153 181 178 29 22 192 52 87 84 23 89 182 29 180 26 177 1 122 25 98 79 129 93 186 31 188 77 172 25 196 156 98 137 143 125 22 28 105 164 76 127 64 35 119 6 33 189 29 175 70 105 50 35 125 154 178 98 187 101 60 36 7 152 123 116 21 40 46 79 64 123 105 109 172 160 161 191 162 17 38 53 110 78 158 184 4 100 189 79 166 17 72 134 171 124 134 70 132 82 137 93 95 91 21 32 41 16 199 173 196 4 85 175 40 69 72 78 130 145 6 53 83 139 170 147 131 28 191 195 158 6 159 135 146 116 149 180 91 101 192 110 138 93 54 7 88 175 8 106 185 50 116 7 58 90 41 92 130 136 155 117 147 108 190 6 14 5 157 155 182 26 121 141 103 79 39 162 186 127 110 50 179 86 17 113 60 115 114 75 11 37 166 141 93 51 92 65 109 79 175 7 155 112 83 106 197 191 110 131 81 59 109 143 141 162 12 36 44 86 130 28 61 69 150 195 104 14 172 183 119 199 101 132 102 56 56 113 55 91 179 23 177 99 127 149 10 74 171 145 143 122 28 115 50 31 27 89 174 28 4 66 114 106 186 155 185 32 92 59 83 174 13 161 15 86 132 65 123 30 197 24 81 79 80 119 27 135 87 136 38 31 16 194 159 191 98 188 183 42 185 20 4 141 84 45 41 89 66 5 40 19 162 143 169 178 133 76 89 82 67 16 167 145 157 137 160 146 111 115 196 88 86 137 144 118 189 99 134 97 72 171 5 131 87 87 55 89 141 172 122 56 9 92 11 195 116 73 132 84 181 31 118 57 65 4 169 10 43 102 160 13 19 39 32 165 16 159 172 144 3 25 184 31 190 116 184 106 124 147 128 131 71 197 131 85 125 72 8 90 53 69 137 71 131 41 79 16 39 69 107 50 96 143 134 74 131 82 122 75 172 84 58 199 187 55 59 117 141 72 193 111 88 9 161 16 95 129 63 60 71 173 149 71 110 142 124 70 83 32 190 57 124 67 132 27 178 168 23 114 56 79 22 181 143 99 136 142 106 111 172 178 19 22 117 76 189 98 186 61 0 71 82 126 34 191 157 1 34 53 62 59 111 70 117 195 84 14 101 143 2 81 4 83 179 133 77 59 114 88 181 179 88 124 146 192 126 30 194 64 59 9 178 165 110 47 30 36 55 5 39 95 100 46 34 197 74 122 72 132 78 66 78 177 30 191 32 199 124 74 126 65 11 18 67 42 57 110 64 119 192 105 186 95 180 161 188 29 117 146 161 3 126 61 108 137 97 50 197 48 76 158 161 82 53 109 120 22 166 157 196 33 11 160 179 156 190 110 120 107 4 194 116 58 51 104 63 83 170 15 81 176 98 124 117 196 132 122 147 155 71 123 149 166 21 22 37 168 0 195 112 127 0 35 136 191 132 68 55 196 108 84 17 37 7 170 14 160 144 134 75 132 43 91 124 60 87 105 60 5 11 58 10 163 159 12 97 187 12 37 121 124 20 78 23 95 59 125 194 34 79 123 192 33 82 114 21 86 168 84 104 38 47 99 107 109 187 87 197 133 95 91 9 71 9 189 181 24 125 140 91 89 138 97 57 35 47 32 193 145 116 18 109 188 95 102 108 74 160 192 99 178 101 196 7 113 109 2 64 116 20 23 173 83 172 71 10 61 91 132 161 18 190 40 98 95 184 159 151 170 36 17 163 128 22 28 123 87 13 96 27 22 119 74 196 128 28 196 82 181 92 179 166 85 155 110 75 119 63 47 77 100 178 92 25 41 63 90 180 94 113 91 177 195 34 33 57 123 81 165 146 113 145 186 119 149 21 85 172 121 104 189 59 81 193 122 78 15 91 127 153 193 65 114 195 72 104 2 138 78 18 28 19 163 9 177 172 143 102 182 120 89 139 138 96 11 162 70 133 31 193 34 72 107 26 193 125 61 97 185 94 80 33 36 124 69 164 19 58 118 90
2430.018351 meters