file sh-13.jpg
nails 200
imagesize 150
populationsize 100
elite 20
genomesize 2000
mutationcount 0.001000
mutation 0.010000
minchunk 0.200000
maxchunk 0.500000
iterations 10000
stableiterations 10
goodgenerations 100
burst 0.000100
threshold 0.030000
ring_diameter 2000.000000
thread_diameter 0.010000
save_every 1000
history_step 100
---
2000 0.010000 2000.000000  175 126 79 40 5 147 8 42 193 35 94 44 44 86 57 169 24 173 31 36 183 149 8 97 161 162 141 176 35 177 36 51 148 72 78 39 34 170 31 85 133 2 199 199 174 31 110 199 86 81 47 24 174 174 185 187 187 155 23 67 124 106 127 43 51 199 112 195 140 165 13 146 102 195 69 115 73 83 47 16 16 114 67 69 75 121 69 38 83 155 121 22 156 130 127 155 66 35 174 32 46 83 118 69 71 169 129 137 174 156 24 117 186 39 143 148 114 95 144 9 45 161 13 12 45 85 129 158 16 149 190 102 41 128 114 129 164 29 186 52 26 84 53 186 95 4 145 180 37 194 144 134 93 114 77 43 74 80 114 15 105 134 179 108 131 104 57 111 153 12 12 82 46 75 41 194 194 107 68 189 40 188 38 40 97 43 55 98 47 30 123 120 89 181 139 117 196 67 113 60 105 107 84 167 114 188 116 16 89 89 37 70 154 133 90 80 154 23 60 108 199 151 77 93 17 152 134 169 86 129 150 67 49 19 0 61 57 170 170 129 79 119 177 108 127 174 83 49 30 54 78 69 120 82 179 176 36 193 99 33 181 38 6 146 189 88 42 79 180 96 96 126 21 152 183 37 100 193 143 145 115 191 140 91 129 95 91 45 37 191 146 77 68 109 6 125 4 115 163 20 154 6 107 137 76 124 88 151 90 52 38 32 66 115 92 53 34 53 91 36 175 128 122 34 187 187 142 40 141 182 136 63 196 144 169 32 137 178 64 85 56 87 128 39 32 20 153 126 46 63 62 50 31 121 199 59 16 71 119 122 0 0 60 9 146 110 69 43 89 110 28 28 121 80 171 32 17 151 117 138 30 52 193 103 131 72 96 161 143 121 73 17 113 99 120 108 64 36 194 119 163 171 34 183 146 1 78 99 124 0 146 155 145 1 112 84 72 121 144 192 39 40 74 92 51 37 192 148 7 126 137 182 91 79 123 92 112 186 38 128 173 104 142 139 132 28 52 164 190 159 26 122 17 46 120 79 122 128 122 32 180 69 72 32 28 130 157 120 150 55 50 43 79 183 111 19 157 41 166 20 151 197 122 92 18 148 86 19 88 113 162 83 134 91 21 48 42 77 125 129 76 43 80 21 132 33 136 150 126 158 26 123 75 179 139 166 54 173 35 96 73 100 8 155 137 161 131 30 65 179 136 107 150 138 176 176 34 78 140 109 102 72 156 93 53 89 81 97 51 85 95 17 94 89 108 2 3 42 160 96 89 118 158 95 161 114 198 49 40 196 146 2 87 40 194 148 138 135 93 40 195 195 145 120 70 109 124 5 154 36 189 103 98 31 123 152 190 190 118 151 4 0 109 180 95 157 77 189 143 6 147 104 60 33 71 66 93 178 178 91 156 139 100 71 153 10 79 65 172 35 15 110 66 114 5 45 50 196 143 102 66 144 2 149 6 115 188 73 88 106 172 169 30 45 41 48 15 89 45 188 63 126 161 85 132 42 85 13 14 150 136 95 57 56 31 165 136 91 101 78 131 88 121 198 109 62 188 99 34 58 0 123 140 171 33 173 153 21 49 30 59 178 63 194 141 55 39 140 147 183 90 137 105 107 78 41 193 116 62 117 101 190 139 92 119 24 50 12 46 50 104 30 106 31 126 74 131 167 31 29 120 147 100 31 176 182 112 87 30 32 47 152 188 64 174 34 192 104 170 88 111 68 78 134 163 139 192 192 105 63 64 199 120 134 85 70 103 142 42 5 149 85 48 151 72 30 164 147 2 117 189 189 75 72 78 128 185 39 74 125 75 91 2 90 15 73 157 23 46 4 108 17 124 30 111 107 145 148 154 90 138 191 191 11 80 133 157 129 194 72 37 193 141 196 49 89 175 32 170 102 139 115 17 165 131 91 124 93 41 195 147 122 71 13 145 192 41 10 20 119 198 83 114 3 90 176 70 106 62 196 82 160 159 121 97 25 158 76 119 29 134 121 71 92 54 26 48 197 44 103 152 15 182 37 78 72 116 64 33 65 119 193 118 195 64 89 149 123 95 106 60 100 102 189 81 65 111 184 138 103 69 34 43 95 111 119 25 74 117 99 71 155 157 132 170 59 107 70 75 19 116 87 176 177 44 167 168 32 177 34 61 60 170 44 159 90 130 132 164 99 141 72 125 39 73 180 138 132 97 70 39 81 113 66 74 150 6 153 138 103 25 44 74 104 93 50 188 113 181 72 123 1 70 90 135 96 33 168 167 125 120 196 38 75 141 190 103 8 47 79 17 168 67 31 165 184 39 98 81 197 109 175 175 91 41 64 38 187 50 45 166 10 127 8 166 31 177 49 36 68 99 113 68 72 126 93 95 141 0 116 143 195 56 91 132 81 41 139 93 45 43 197 116 149 74 154 22 28 74 54 89 105 65 115 81 119 66 37 188 56 95 134 112 64 149 180 179 70 35 159 109 30 107 77 101 90 19 19 47 84 108 57 191 100 138 188 162 132 99 61 103 172 175 33 98 62 95 29 110 181 109 105 80 189 33 168 198 54 94 120 118 86 197 197 143 74 113 84 131 177 177 143 67 87 171 56 136 156 154 12 3 40 144 116 94 136 101 55 92 129 83 48 164 187 116 153 22 155 108 140 177 92 128 75 115 63 92 176 93 99 138 104 172 135 77 128 192 100 57 28 161 160 140 188 57 15 158 32 141 43 4 73 120 168 56 179 76 183 184 99 8 154 25 130 79 196 84 197 106 140 110 73 156 134 84 189 116 65 147 140 116 105 48 178 139 180 180 98 143 46 34 63 102 77 123 135 33 170 74 46 104 71 124 77 85 129 176 105 45 144 110 75 125 164 133 173 79 75 15 117 73 107 178 71 4 163 29 133 108 33 169 103 194 0 4 126 8 163 45 127 137 31 168 48 199 118 80 157 125 28 80 125 155 160 41 191 117 175 93 137 34 170 23 158 20 81 117 77 155 112 76 51 91 3 145 159 42 80 82 78 130 174 104 190 189 39 161 78 185 93 155 141 159 83 98 135 153 92 174 174 60 195 195 86 131 97 182 139 90 43 134 1 143 176 106 142 139 97 55 165 193 40 28 21 157 25 167 124 2 43 167 141 101 74 189 115 122 158 158 128 140 162 139 135 174 84 156 14 154 128 8 16 88 46 184 38 26 102 14 15 150 171 31 54 27 96 159 160 97 140 186 186 48 51 164 11 144 190 116 160 161 141 41 95 182 96 56 49 82 131 89 82 39 185 153 13 151 12 14 184 142 190 33 155 11 81 131 43 160 127 102 167 20 150 101 95 109 121 174 59 88 127 21 21 154 106 173 82 102 49 195 3 3 89 126 81 135 186 189 86 113 0 160 95 7 151 15 154 19 26 173 172 172 55 198 105 123 86 130 77 104 124 33 183 91 26 157 145 119 151 5 109 136 167 62 103 122 70 123 6 4 42 165 117 94 52 53 184 114 194 79 155 35 75 58 94 177 168 135 118 61 104 138 186 150 45 79 30 163 128 86 41 58 103 128 31 175 178 66 199 163 24 165 50 95 197 115 79 94 5 11 152 4 4 140 96 50 46 103 155 19 84 125 118 76 38 59 192 35 175 34 135 111 86 176 125 1 122 12 81 180 180 137 106 114 65 58 99 162 7 76 41 190 190 114 191 190 90 125 128 79 36 184 160 80 172 54 82 11 10 112 103 171 55 88 107 175 172 34 81 48 44 36 175 71 1 67 111 96 76 178 125 128 81 40 191 101 118 142 193 117 18 116 146 194 39 76 153 130 111 0 69 2 145 113 16 166 31 124 87 177 37 85 119 148 4 124 173 132 174 105 109 14 84 46 160 132 87 18 49 40 78 72 122 85 150 21 118 147 129 148 112 118 72 78 156 189 71 108 76 196 22 157 127 23 128 122 143 163 53 94 128 9 78 133 131 144 186 37 94 47 87 112 66 173 52 166 166 115 132 101 70 131 175 134 161 81 145 97 162 12 156 23 6 96 181 181 181 137 163 149 1 59 71 161 153 14 152 139 112 93 157 148 127 27 164 192 119 173 98 161 123 78 72 152 154 143 166 167 32 176 176 91 57 98 139 89 133 94 73 56 30 125 82 50 45 77 49 161 79 114 75 82 133 87 82 122 133 105 172 133 159 159 31 78 124 97 181 179 94 160 48 76 120 83 127 69 32 127 80 68 39 33 169 24 155 185 185 112 189 72 129 131 27 162 29 191 104 141 187 100 186 113 157 39 183 136 86 45 84 44 35 126 151 89 92 155 13 149 3 122 68 121 1 80 122 29 88 134 81 156 110 198 60 166 27 101 51 89 18 78 195 141 105 196 68 119 125 33 176 107 67 126 98 123 131 162 125 73 119 197 111 70 145 184 2 41 171 138 168 25 96 107 101 134 169 31 104 111 62 21 156 146 140 185 113 83 146 10 44 76 45 50 167 30 35 83 130 168 168 101 145 65 37 143 69 112 61 196 119 74 5 110 182 182 38 190 190 115
2478.104043 meters