file sh-17-lowcontrast.jpg
nails 200
imagesize 150
populationsize 100
elite 20
genomesize 2000
mutationcount 0.001000
mutation 0.010000
minchunk 0.200000
maxchunk 0.500000
iterations 10000
stableiterations 10
goodgenerations 100
burst 0.000100
threshold 0.030000
ring_diameter 2000.000000
thread_diameter 0.010000
save_every 1000
history_step 100
---
2000 0.010000 2000.000000  73 134 180 89 59 126 97 48 93 180 128 59 52 24 82 19 161 77 15 120 89 82 112 160 14 173 130 63 39 92 41 167 91 95 186 65 131 88 22 127 77 172 145 102 189 5 179 47 47 197 155 145 141 98 39 120 196 32 190 33 11 19 162 194 165 84 92 11 117 196 50 53 67 122 110 106 136 136 80 172 26 0 76 131 63 60 125 194 104 189 42 164 174 15 28 20 169 176 98 11 160 12 183 96 186 104 40 61 98 60 81 185 119 154 139 0 30 16 79 173 83 125 72 55 52 109 11 79 22 182 178 14 19 188 157 3 175 24 121 73 156 179 29 123 69 128 63 76 64 102 100 50 107 155 75 78 158 13 77 122 128 118 70 139 3 35 135 86 132 62 104 38 41 48 32 188 28 36 12 0 119 63 58 120 67 133 141 102 76 161 14 165 81 17 182 119 26 96 125 192 99 90 58 191 118 82 34 119 11 159 194 112 61 66 69 72 41 45 37 27 8 36 41 35 7 184 21 182 28 22 120 118 155 189 76 51 40 17 166 196 14 157 167 3 194 186 26 178 27 40 88 51 3 41 82 93 130 140 99 41 14 195 155 113 79 161 190 61 68 17 161 87 131 27 43 188 7 40 96 185 7 133 28 78 175 115 161 16 171 21 8 149 121 71 109 191 155 157 128 26 85 4 116 28 73 170 7 69 7 117 55 108 148 170 93 138 114 55 198 59 116 87 70 43 95 51 194 67 115 146 75 9 60 122 134 97 68 107 15 95 188 77 117 61 124 147 198 77 2 23 36 50 55 38 31 6 147 130 112 109 85 155 100 178 7 39 97 77 163 19 122 193 47 95 56 34 116 160 172 25 21 168 143 151 190 115 199 158 153 182 49 77 78 72 150 181 172 150 146 120 27 192 98 184 93 93 21 174 89 22 118 85 169 61 60 60 82 180 156 69 132 136 5 195 27 193 108 17 180 30 188 0 158 178 138 79 72 84 58 111 20 175 86 137 182 95 26 101 139 131 66 66 58 116 196 28 23 90 70 197 130 108 98 34 194 25 88 9 25 119 197 162 9 71 94 181 88 194 79 183 120 1 36 75 172 197 72 134 105 38 8 162 152 75 18 45 90 73 52 84 139 175 128 95 11 187 31 19 21 165 182 91 18 163 5 143 152 121 79 27 180 101 59 121 35 91 42 183 122 172 11 185 27 93 60 72 78 172 46 78 176 127 83 39 31 195 60 71 157 154 182 31 13 81 123 192 32 198 32 133 93 49 51 79 171 44 94 189 154 8 177 30 126 88 174 73 132 122 56 10 161 140 90 89 93 57 9 13 98 21 166 146 166 18 80 66 123 176 75 120 74 154 186 21 113 57 94 183 45 102 112 115 60 61 73 118 90 138 134 71 86 35 167 23 25 171 26 182 177 29 45 91 179 43 84 122 72 170 43 87 4 112 80 24 173 154 126 58 105 95 184 29 196 175 28 13 180 169 5 189 21 164 7 89 121 12 50 36 175 70 154 80 176 89 86 51 97 104 81 132 193 15 173 118 146 130 66 52 82 49 66 118 63 63 38 17 64 96 11 159 140 94 129 59 55 34 47 109 2 43 102 157 15 86 17 191 150 115 117 198 83 94 182 104 102 130 159 18 109 111 69 92 23 42 10 104 184 91 129 25 98 142 119 138 92 50 46 79 128 60 79 97 89 124 70 94 179 28 174 85 151 99 76 56 113 7 103 16 167 19 57 59 124 154 190 97 185 18 52 117 150 183 3 118 197 6 144 121 104 17 126 86 5 35 95 65 116 20 164 16 105 62 69 109 109 144 139 162 16 0 195 54 118 57 27 118 68 75 82 169 157 1 78 54 151 171 165 32 3 129 62 110 139 41 87 82 166 169 51 80 124 106 191 149 120 66 39 96 96 140 108 19 170 95 187 51 168 93 113 90 60 115 82 132 32 184 126 62 113 179 89 130 140 121 159 16 70 58 189 162 4 174 90 63 109 131 101 132 64 124 57 97 175 156 190 15 160 103 143 111 68 48 33 1 187 99 47 28 40 5 146 117 140 106 195 130 149 3 62 0 192 156 158 14 62 41 26 45 93 19 114 147 150 157 180 154 179 25 32 5 114 50 20 178 167 20 11 73 114 61 96 137 80 9 160 17 172 71 131 195 101 197 34 196 57 102 136 0 178 99 123 148 174 80 43 26 195 178 83 179 92 30 191 98 50 31 181 154 177 190 101 165 22 28 75 171 107 73 181 127 122 29 46 89 133 72 10 21 73 78 59 0 143 100 196 147 69 117 88 61 128 122 196 17 167 56 105 59 9 34 87 6 67 87 125 66 179 100 38 168 109 108 188 182 151 107 105 31 22 169 86 132 74 90 65 127 134 74 53 194 32 122 15 37 58 123 159 33 189 106 144 2 170 85 195 84 173 87 136 192 105 185 11 0 121 56 87 175 71 92 92 9 0 169 154 131 64 127 122 57 107 89 48 164 4 129 67 103 135 88 187 105 196 69 46 100 198 121 155 187 107 186 157 195 113 74 126 76 12 32 189 119 199 12 10 74 103 183 13 97 182 16 28 41 78 199 180 12 78 135 147 4 185 103 141 92 25 112 190 60 38 15 101 181 72 151 179 137 84 172 19 74 176 156 188 8 90 130 28 22 162 13 163 145 174 8 175 91 95 143 3 157 136 78 91 31 192 169 112 110 60 104 45 23 119 75 144 122 70 52 96 128 27 185 106 184 28 36 61 45 73 120 103 194 33 189 181 151 145 116 72 137 172 16 168 162 14 169 13 174 153 184 121 57 31 184 20 4 105 155 193 199 57 5 84 65 130 83 59 107 78 96 67 66 4 144 125 37 19 40 68 101 57 114 194 123 28 177 148 173 28 98 123 62 125 23 181 92 168 155 144 118 1 126 61 64 108 135 75 48 85 97 80 0 196 74 98 64 117 24 187 158 8 183 93 22 97 102 193 34 97 31 8 89 115 70 119 54 199 31 29 125 58 112 18 67 152 150 159 197 24 169 187 97 71 135 88 124 22 103 138 115 105 103 105 1 50 45 27 177 154 175 88 114 143 110 140 151 9 114 93 181 100 191 122 23 36 166 166 22 173 141 171 155 142 102 62 92 89 175 191 6 146 161 9 193 33 24 92 99 133 152 189 107 56 108 0 79 156 178 172 159 83 76 133 157 197 21 114 76 172 164 18 176 73 8 145 110 61 10 159 193 120 137 81 5 111 107 18 39 73 104 105 107 105 6 159 132 75 0 161 81 193 103 112 67 131 95 111 193 177 99 189 18 161 169 11 139 37 11 176 2 158 185 155 138 98 188 109 147 181 29 82 4 65 16 188 33 195 114 198 168 56 38 75 13 76 89 81 95 42 46 192 70 116 106 142 132 99 119 172 177 93 185 159 117 93 91 131 7 168 81 54 120 80 135 91 22 177 1 41 21 163 132 94 137 140 107 43 9 110 71 155 79 165 159 78 20 115 141 87 140 122 63 101 5 55 59 94 20 16 82 43 24 2 53 95 112 113 116 101 192 51 69 130 61 63 63 2 168 22 7 161 36 40 21 85 104 138 134 49 74 42 69 72 195 191 111 140 144 119 74 25 170 155 116 22 167 152 71 153 187 96 44 54 7 158 5 171 84 124 67 14 78 125 121 193 162 39 55 113 108 9 117 25 18 171 1 138 131 128 153 4 48 44 91 53 166 23 5 141 109 67 134 196 111 59 123 33 78 139 153 170 41 5 67 69 96 182 31 29 100 145 141 160 8 163 178 172 10 160 192 109 137 85 178 79 123 56 79 32 185 164 12 83 166 150 149 145 129 78 173 82 106 40 181 90 176 23 77 160 175 43 30 183 193 26 174 157 137 93 10 181 91 176 15 105 184 103 60 119 149 172 178 29 190 31 17 121 14 177 100 73 55 110 83 4 24 174 20 74 107 65 119 62 69 72 8 83 54 113 167 6 112 59 33 191 35 64 121 37 65 126 151 160 10 122 11 170 75 122 68 123 143 148 198 26 40 72 75 94 55 52 94 141 145 141 104 156 183 152 82 164 160 143 107 107 145 184 99 63 66 48 71 9 183 117 132 68 106 76 160 13 186 32 25 51 110 188 161 15 14 80 75 182 146 66 66 67 144 114 65 98 143 185 101 23 168 15 159 178 92 92 58 11 162 75 111 65 56 91 58 100 27 42 71 44 68 130 62 80 110 191 103 82 131 84 23 24 171 50 103 90 183 106 141 101 177 90 37 168 5 9 172 106 152 26 80 91 28 56 81 3 165 19 180 91 95 173 86 138 97 41 12 159 99 109 1 180 23 173 53 84 175 85 41 177 2 82 137 157 142 100 186 99 137 77 63 111 119 81 7 163 81 22 125 163 20 84 6 52 191 41 104 66 37 10 171 111 50 27 175 140 102 179 76 108 72 69 152 178 81 129 64 123 78 69 120 24 76 127 148 187 98 186 47 111 119 77 101 142 105 186 32 85 121 108 81 135
2401.699110 meters