file sh-104.jpg
nails 200
imagesize 150
populationsize 100
elite 20
genomesize 2000
mutationcount 0.001000
mutation 0.010000
minchunk 0.200000
maxchunk 0.500000
iterations 10000
stableiterations 10
goodgenerations 100
burst 0.000100
threshold 0.030000
ring_diameter 2000.000000
thread_diameter 0.010000
save_every 1000
history_step 100
---
2000 0.010000 2000.000000  105 193 121 117 199 169 47 99 29 186 165 178 99 98 63 99 69 101 31 56 17 172 178 110 190 174 11 144 108 135 106 173 104 183 20 168 100 30 183 112 70 105 121 68 56 101 57 153 137 40 164 189 37 58 112 186 22 170 103 184 155 177 21 123 87 141 43 94 30 15 176 132 120 0 126 155 196 74 125 105 109 176 2 188 63 65 54 178 71 59 107 191 158 132 78 125 8 42 5 169 22 111 119 71 93 141 145 141 90 75 135 96 53 139 161 12 162 196 22 165 25 175 198 17 107 66 193 158 77 44 18 40 59 198 191 150 100 147 131 8 95 43 129 3 86 115 17 153 110 60 4 0 156 123 93 6 63 32 187 181 98 139 76 129 125 86 132 91 53 43 41 30 134 29 123 70 79 124 196 112 182 106 155 19 131 174 155 131 106 55 117 24 165 25 32 57 116 82 39 135 159 197 142 112 119 141 68 183 4 127 129 84 105 56 61 68 172 29 198 124 72 78 54 97 90 146 163 21 114 55 18 162 180 75 139 175 50 82 117 93 25 38 4 45 50 79 131 117 23 132 186 100 64 57 95 48 76 61 40 2 83 197 111 59 184 6 161 5 120 89 81 95 91 129 178 28 123 144 199 122 7 180 21 7 9 40 165 12 131 122 26 193 39 66 129 87 25 21 48 88 131 37 72 119 59 21 75 110 189 19 161 148 128 122 67 97 82 46 46 19 159 122 128 5 65 93 120 150 175 52 113 181 179 95 109 195 65 128 141 83 47 33 60 119 193 27 187 104 95 145 161 9 99 184 1 199 41 12 102 189 62 40 17 163 144 101 182 33 136 99 167 24 173 28 188 104 105 190 35 133 151 124 112 159 7 94 170 25 133 131 21 166 26 118 73 16 28 97 96 28 31 100 15 192 127 180 3 146 92 162 163 192 53 29 57 188 65 97 131 46 91 163 43 99 177 51 13 184 49 61 105 50 55 111 114 185 12 3 121 0 127 5 165 198 141 104 57 183 110 133 72 78 22 46 32 179 97 165 99 11 5 92 139 131 10 128 30 172 143 67 38 8 80 163 15 18 5 173 29 37 145 106 82 1 193 108 190 186 48 17 114 70 64 2 62 64 34 27 119 121 13 69 113 118 69 111 147 150 105 140 186 105 116 67 104 74 4 91 95 79 165 21 91 60 105 76 132 164 23 165 156 187 83 166 23 196 80 111 190 14 149 157 128 149 167 103 56 39 34 9 174 94 96 119 23 162 125 192 17 168 102 142 165 39 195 0 39 37 112 82 93 175 71 87 0 159 155 149 114 22 118 20 22 57 70 13 163 141 82 47 47 138 117 198 138 99 84 142 90 68 75 56 84 156 195 160 196 111 53 179 101 176 8 177 131 66 187 79 22 28 8 163 0 195 165 42 22 28 125 84 25 172 69 87 138 76 107 51 75 187 157 131 4 119 102 151 182 114 197 116 73 92 72 122 195 80 93 53 74 51 81 170 48 77 99 27 61 80 123 198 158 178 173 69 95 172 27 185 107 18 71 100 67 124 3 128 88 175 26 119 68 11 170 160 10 31 132 122 191 29 184 100 149 179 103 131 76 118 197 161 174 30 57 82 140 113 183 166 199 23 168 1 119 186 26 169 28 126 69 174 49 7 177 130 4 0 61 36 132 8 11 41 39 34 139 136 79 91 88 61 112 157 20 193 64 7 164 191 35 15 69 191 104 80 117 5 185 102 147 120 143 10 45 92 59 104 190 81 48 28 22 90 140 89 85 0 157 120 80 54 24 80 118 81 144 193 107 148 119 15 104 52 88 6 14 166 24 51 97 80 49 52 68 171 163 19 109 74 55 50 26 117 188 120 27 169 95 140 92 113 77 187 153 111 0 69 6 121 125 45 66 34 105 149 8 41 77 23 40 0 195 26 191 34 132 125 149 134 147 122 29 30 133 164 24 92 148 172 160 0 194 119 106 172 64 31 178 182 159 94 98 179 72 131 107 19 89 81 143 91 66 123 92 127 108 133 75 16 29 175 59 106 148 147 125 3 63 111 109 34 194 167 18 113 60 1 20 50 45 13 161 90 107 90 145 143 86 72 127 106 52 59 82 12 167 190 160 143 110 61 78 122 128 172 145 86 63 38 6 50 109 94 63 67 127 44 74 41 15 186 117 88 8 138 93 10 171 169 197 32 178 95 20 181 19 93 144 111 71 103 146 89 101 183 100 23 83 139 79 72 193 55 23 122 24 115 196 38 32 129 35 21 167 58 124 199 20 2 121 103 187 2 155 52 190 188 44 34 186 139 78 103 188 173 19 196 58 178 11 96 7 131 93 143 168 78 9 12 98 73 126 77 55 57 197 37 69 135 122 28 189 120 4 0 173 95 133 101 62 102 181 68 115 97 143 84 14 83 127 85 2 112 33 4 162 154 136 35 51 175 146 80 197 139 96 26 43 41 40 14 43 46 180 27 29 180 186 116 108 185 16 50 55 177 1 64 68 38 2 160 107 150 171 50 50 46 69 72 106 19 22 94 26 170 18 50 98 70 12 39 65 189 33 104 111 37 32 6 138 49 178 56 41 16 173 54 147 171 28 58 122 110 68 1 114 68 102 123 2 130 80 99 102 30 51 138 139 120 28 134 79 8 32 54 105 94 89 129 4 20 51 185 33 106 78 188 77 183 111 150 168 57 14 46 47 172 197 185 153 121 75 78 67 191 166 16 174 44 171 102 16 167 148 109 194 49 22 123 89 46 23 47 88 145 180 100 120 54 20 5 151 172 67 55 172 178 109 85 143 103 95 136 177 94 137 81 10 169 11 81 142 89 55 92 9 94 54 102 126 5 9 47 184 154 113 198 160 128 179 7 160 88 81 128 154 181 23 163 162 16 33 184 110 31 127 89 27 176 87 2 14 174 166 19 90 54 108 134 34 36 194 158 182 178 153 153 175 184 116 195 24 28 31 106 192 157 107 189 30 126 39 40 71 97 147 163 194 192 24 180 31 98 30 101 136 37 14 161 184 112 130 158 87 144 2 127 29 33 33 183 50 42 1 126 93 170 61 197 30 192 32 105 136 34 1 124 87 56 140 78 20 39 15 85 141 79 64 79 198 171 22 164 115 151 178 98 46 12 169 66 83 111 61 69 44 25 95 147 13 182 65 88 137 77 58 114 184 195 193 58 182 171 91 110 123 152 155 91 144 88 24 124 150 133 9 23 3 39 3 118 162 13 167 152 156 183 103 62 36 199 81 134 84 50 52 172 9 141 145 107 195 4 0 164 164 13 97 10 162 141 148 116 119 159 5 0 161 164 25 1 122 42 89 18 7 130 34 45 130 31 128 199 115 123 6 73 1 160 179 73 71 134 111 116 40 79 121 146 86 53 188 6 24 176 196 70 124 193 110 138 84 135 34 2 163 169 146 96 51 44 7 89 4 7 174 105 147 94 73 96 27 55 57 98 25 32 108 63 35 197 136 72 80 101 59 95 46 18 183 157 85 133 37 78 137 159 155 180 104 86 87 143 152 174 183 32 68 173 20 179 30 185 38 71 39 37 9 152 58 89 159 193 195 14 67 171 42 71 128 112 78 90 5 76 185 142 33 19 52 70 107 77 43 70 137 132 154 176 70 128 2 42 11 163 152 60 28 168 184 74 78 74 130 11 18 115 193 37 41 56 180 101 13 177 31 185 158 96 177 190 18 185 69 109 107 32 137 54 26 167 159 155 122 71 138 158 138 33 22 28 181 66 199 140 91 51 70 175 168 15 36 1 84 190 59 61 3 159 109 184 148 101 181 153 115 89 166 10 80 142 136 92 172 45 76 20 41 45 62 60 100 63 103 28 86 16 72 12 4 38 59 121 134 154 146 157 138 77 140 116 189 21 172 169 147 90 139 154 170 9 49 93 100 182 67 8 191 157 132 82 13 48 98 142 66 171 23 76 184 182 75 124 175 31 50 139 133 181 167 43 41 40 64 116 198 140 108 194 113 36 31 135 35 195 114 129 6 90 30 194 54 40 28 91 6 120 81 129 146 46 7 43 83 199 13 168 177 29 14 105 52 78 72 60 56 36 188 35 63 118 159 9 128 77 102 98 180 54 103 53 34 197 125 198 26 2 33 3 75 115 16 152 116 187 118 149 140 76 189 35 35 45 176 65 75 39 190 191 62 169 46 170 192 109 62 104 137 197 126 181 58 106 187 50 42 19 164 1 15 162 17 166 156 65 0 125 159 36 196 62 121 115 149 104 18 165 199 72 19 91 60 88 103 145 92 168 189 168 25 19 79 36 191 135 78 81 138 92 27 126 151 118 5 133 82 49 79 192 11 73 121 128 140 152 130 138 35 41 25 120 67 125 22 163 136 41 84 110 129 69 194 24 45 84 0 119 121 87 49 72 45 83 130 169 102 178 14 170 155 188 74 181 26 83 145 139 133 106 191 59 31 134 146 5 122 132 93 8 171 29 33 135 136 83 110 71 109 89 144 126 84 145 97 96 174 85 120 96 180
2383.106131 meters