# Make face lighter; make fingers darker OR expand dark areas between them
file sh-105.jpg
nails 200
imagesize 150
populationsize 100
elite 20
genomesize 2000
mutationcount 0.001000
mutation 0.010000
minchunk 0.200000
maxchunk 0.500000
iterations 10000
stableiterations 10
goodgenerations 100
burst 0.000100
threshold 0.030000
ring_diameter 2000.000000
thread_diameter 0.010000
save_every 1000
history_step 100
---
2000 0.010000 2000.000000  91 47 15 23 159 137 75 133 20 88 170 130 57 140 3 118 49 127 58 98 64 168 68 99 73 96 31 13 41 124 169 167 27 72 93 146 82 148 110 163 189 45 43 61 111 0 147 152 97 67 143 4 170 138 69 113 1 154 3 115 162 62 80 113 156 28 117 117 117 124 94 177 87 196 31 11 174 55 134 54 173 135 102 184 43 96 178 128 39 82 173 150 88 123 182 51 106 76 22 25 54 149 102 195 170 129 73 123 114 50 133 177 57 33 127 125 52 133 86 94 76 56 151 124 122 185 185 138 138 138 84 168 21 14 162 34 74 69 29 41 9 152 42 181 11 45 50 180 157 159 110 135 169 53 15 50 136 81 193 61 187 62 67 65 55 128 66 121 86 102 152 185 103 102 123 162 117 77 129 68 116 106 160 34 92 147 175 80 134 163 32 74 69 39 74 22 16 67 134 134 46 120 191 155 10 10 150 35 87 37 151 21 119 47 24 13 48 109 174 144 123 63 95 55 160 172 86 178 72 174 21 194 111 24 67 77 130 3 114 96 103 154 151 5 5 147 2 119 128 173 47 50 102 22 158 121 78 19 42 79 33 189 56 125 41 103 181 26 124 34 173 146 85 49 115 178 132 63 17 43 7 155 16 46 46 128 131 82 22 28 198 54 99 120 147 116 156 174 155 157 130 101 61 124 36 84 82 64 122 171 83 114 118 131 80 85 54 37 131 130 81 23 59 180 148 81 141 187 71 133 131 122 119 88 135 136 72 78 116 40 105 157 107 137 137 5 33 102 145 192 63 190 150 89 105 3 146 51 134 112 3 40 72 46 116 1 168 147 140 182 165 66 168 92 145 95 46 169 172 177 99 76 66 25 157 124 39 45 129 146 0 195 185 70 38 85 149 187 98 186 109 24 164 139 129 18 51 104 192 59 184 129 34 22 160 199 194 100 180 113 60 163 125 60 102 88 110 25 163 111 156 4 163 183 161 109 57 123 167 67 166 89 178 23 23 90 43 77 29 177 40 170 28 83 108 63 104 134 93 180 146 191 113 87 124 72 118 31 157 3 180 67 84 172 177 167 190 101 44 67 109 178 98 144 148 161 165 38 3 137 57 14 153 179 85 25 40 119 121 96 38 47 174 184 105 169 45 64 118 93 110 49 129 48 138 86 53 141 141 86 50 54 139 74 120 87 42 132 99 186 27 73 100 154 140 82 187 18 167 153 17 165 166 193 149 126 90 175 129 58 97 71 169 118 162 37 71 33 117 160 111 32 7 142 126 52 113 37 198 0 122 174 23 25 158 15 48 86 129 69 103 140 117 52 16 51 185 141 58 114 45 66 50 113 76 35 79 132 89 175 83 123 42 98 28 22 154 88 91 167 34 130 104 161 59 128 50 17 199 1 159 107 107 190 121 167 131 57 150 2 131 73 187 34 109 193 176 99 57 115 97 143 141 89 116 196 91 149 192 122 74 144 83 127 146 187 107 50 54 144 3 108 191 29 157 182 25 77 44 26 111 108 68 111 151 170 94 100 191 59 26 175 134 73 177 172 178 175 179 135 65 33 80 146 189 103 135 91 197 107 140 78 24 170 26 48 131 75 36 122 76 107 156 137 185 73 170 74 38 77 61 118 181 166 62 142 109 183 151 151 190 115 28 23 61 24 72 135 41 133 165 109 105 34 147 84 104 39 54 112 45 41 24 134 142 142 31 72 140 67 195 0 149 4 172 178 100 31 63 126 134 1 184 95 190 192 110 144 114 183 50 19 76 154 26 75 146 1 118 96 59 162 9 34 116 93 177 48 181 137 192 47 76 190 154 192 79 106 112 103 124 70 28 31 104 189 95 127 69 142 85 143 178 169 4 153 106 63 172 47 32 57 35 81 144 96 50 131 66 94 123 104 122 119 122 168 119 118 118 116 189 42 182 35 160 112 99 58 150 95 71 60 94 157 30 122 127 173 85 35 73 156 104 48 180 30 49 185 186 165 77 137 140 125 129 81 30 164 39 163 3 127 137 101 141 184 108 175 30 66 146 183 181 27 190 80 144 104 182 107 106 173 81 191 149 90 21 81 170 46 82 129 88 18 48 22 31 29 14 60 136 172 175 178 28 77 105 67 128 28 158 24 112 132 171 1 176 128 123 159 154 80 52 129 98 135 174 137 88 145 143 82 172 23 106 156 118 36 89 105 107 1 166 28 62 139 189 63 65 80 105 98 124 176 65 165 33 120 144 89 120 69 108 76 78 72 26 43 88 86 146 199 152 92 142 68 191 125 172 40 103 194 49 179 57 45 131 95 39 31 75 148 2 115 72 188 107 95 64 41 174 90 94 149 151 155 27 103 112 181 91 50 55 110 53 135 117 66 179 166 64 120 160 24 65 171 18 13 159 31 90 182 134 70 139 76 132 49 24 156 0 109 197 66 35 148 188 97 150 87 24 52 109 35 168 26 65 28 44 116 99 53 60 72 78 20 29 67 69 132 101 180 117 117 90 71 30 55 102 170 189 22 57 59 62 189 75 187 139 98 63 122 82 81 58 149 3 125 165 40 93 64 69 43 45 43 130 108 23 154 152 70 42 133 161 122 128 180 134 75 20 196 189 55 199 156 110 33 12 32 89 95 93 39 73 23 72 20 175 163 31 58 182 193 3 174 126 161 110 108 42 74 176 41 94 181 88 174 136 44 188 140 123 74 70 102 115 53 18 62 110 138 139 83 36 114 43 92 98 179 58 101 53 159 17 66 176 145 81 79 28 40 92 162 61 59 29 87 171 130 76 125 174 130 51 135 199 56 127 53 12 150 192 147 6 150 85 130 71 102 103 129 125 24 55 145 4 151 84 129 35 86 125 168 127 74 188 55 173 131 133 98 190 32 25 171 54 67 121 83 32 81 78 142 167 79 182 69 49 106 54 100 62 36 132 121 169 79 55 19 164 179 86 29 165 117 91 198 148 197 114 49 77 133 48 175 172 38 162 96 183 60 27 172 25 155 177 134 41 39 31 177 119 70 92 137 55 23 183 103 156 99 62 186 174 70 142 86 22 56 74 109 105 175 92 139 169 138 4 165 60 109 120 37 79 27 75 140 114 64 142 106 191 192 103 31 84 119 122 170 80 130 158 93 176 81 171 47 39 83 56 138 188 118 42 82 40 58 136 183 142 89 181 50 45 59 113 141 87 63 136 155 2 61 119 122 128 189 156 156 26 112 147 89 82 34 126 50 21 68 135 92 198 123 95 124 110 120 83 172 166 39 126 49 83 136 188 106 33 148 1 132 179 77 191 105 187 186 134 60 118 179 149 38 33 121 171 39 45 23 182 182 183 91 182 96 54 49 179 101 196 52 101 126 189 102 43 183 24 38 75 21 155 94 70 35 127 40 68 120 135 84 72 184 22 21 77 145 3 164 199 125 78 110 73 128 161 116 165 135 60 181 172 169 199 0 195 193 139 132 47 13 28 22 14 41 88 148 107 61 140 92 54 103 96 107 154 154 95 153 57 21 169 29 116 59 126 67 179 142 170 79 22 172 120 45 99 63 164 168 75 120 162 163 115 79 137 144 2 20 28 160 161 119 180 131 72 78 34 62 108 89 76 118 39 106 161 63 55 105 68 167 126 85 73 44 49 97 95 40 114 191 97 113 199 36 126 75 78 115 157 19 80 111 118 87 21 58 28 22 155 113 45 69 97 140 59 91 163 114 29 56 46 190 145 148 4 168 146 35 119 0 124 93 184 100 153 152 2 2 165 165 128 131 54 119 97 186 142 112 77 139 82 174 138 58 11 151 57 190 78 138 55 148 56 136 193 153 108 190 1 109 107 65 143 119 121 121 136 97 80 95 93 198 126 162 26 56 35 133 61 56 112 117 119 29 181 181 93 144 186 150 9 44 187 92 41 105 181 113 30 85 46 21 185 61 188 100 56 73 114 66 132 53 197 115 167 180 42 40 152 18 153 182 139 93 79 131 128 131 49 178 56 84 175 47 115 184 87 77 121 45 86 173 37 36 166 128 123 166 185 94 133 0 197 106 195 85 96 152 74 113 55 91 150 126 37 148 68 25 60 120 150 183 133 116 71 185 185 96 187 171 90 136 52 37 78 120 120 199 34 127 92 181 141 71 172 139 48 50 20 59 181 104 69 170 62 171 46 30 197 112 82 105 60 97 180 175 40 171 172 77 141 141 66 38 83 194 195 195 35 124 166 19 79 91 42 36 78 192 85 111 109 152 4 183 104 57 107 69 116 105 107 53 100 102 52 93 132 72 28 116 0 35 96 145 194 104 186 44 87 137 59 109 189 99 179 87 84 196 112 140 90 153 143 145 146 91 78 72 43 86 180 162 165 62 111 186 72 69 51 82 128 51 160 44 12 47 111 46 19 61 96 70 18 68 106 78 68 125 70 51 27 53 120 125 170 133 60 122 47 137 71 184 61 69 32 71 60 111 116 151 91 187 108 39 36 53 168 144 176 134 127 89 196 51 79 173 21 164 137 171 127 122 128 125 91 176 136
2497.502212 meters