#problem: closed eyes makes bird-like shape and its bleeding to nose
file sh-106.jpg
nails 200
imagesize 150
populationsize 100
elite 20
genomesize 2000
mutationcount 0.001000
mutation 0.010000
minchunk 0.200000
maxchunk 0.500000
iterations 10000
stableiterations 10
goodgenerations 100
burst 0.000100
threshold 0.030000
ring_diameter 2000.000000
thread_diameter 0.010000
save_every 1000
history_step 100
---
2000 0.010000 2000.000000  53 194 120 85 81 53 139 77 52 105 147 96 170 27 171 155 121 29 192 63 197 75 138 72 11 158 134 87 95 91 45 171 76 115 54 44 185 109 78 173 178 152 104 96 113 68 182 24 68 52 193 55 57 0 107 133 151 140 88 88 116 193 113 141 95 49 37 100 77 15 63 14 92 42 184 54 128 75 69 183 25 121 147 138 131 50 45 41 50 54 37 143 167 130 9 21 175 36 129 81 5 123 89 167 197 135 174 27 27 167 19 165 14 42 25 21 168 165 3 111 109 199 139 95 126 28 90 144 192 179 58 89 81 26 70 103 65 104 135 57 189 184 110 188 162 184 100 89 81 138 87 141 145 126 87 179 2 146 97 30 180 132 83 100 189 30 125 130 98 53 102 66 110 141 145 87 74 107 181 179 43 173 18 19 171 60 181 105 61 131 91 11 95 93 31 178 104 188 197 121 22 109 74 43 63 189 111 22 78 125 157 190 176 17 79 62 41 175 170 157 159 181 179 106 20 43 91 9 56 80 66 115 194 171 80 90 57 54 80 105 189 112 188 47 66 117 193 104 148 141 145 35 90 128 70 66 21 39 192 116 1 182 62 194 47 48 98 61 59 106 126 80 140 160 22 76 95 57 193 164 10 133 92 141 83 51 81 50 170 32 138 101 34 82 142 105 196 107 182 34 34 32 189 31 91 67 122 27 91 21 36 136 81 122 127 149 108 105 148 113 188 28 18 113 85 175 45 29 81 143 145 177 33 171 23 28 135 77 65 125 29 127 101 70 46 21 146 89 142 37 6 85 145 101 18 114 157 197 114 82 107 91 56 79 28 123 63 88 22 43 168 23 32 180 181 88 34 8 87 43 130 146 139 181 50 21 64 191 117 166 25 175 101 136 31 129 90 122 127 133 59 142 116 92 50 55 31 123 0 120 75 122 128 3 4 159 128 33 143 149 121 77 3 39 186 109 111 118 93 121 144 87 22 167 0 159 138 100 147 183 35 179 192 32 181 33 101 183 0 76 119 140 15 17 170 84 132 51 177 12 15 19 21 40 24 175 98 149 114 62 116 189 181 168 196 136 92 64 160 51 17 83 99 78 120 26 172 8 125 82 50 172 33 130 133 94 150 17 67 20 37 104 75 71 127 92 30 123 160 195 173 196 160 125 148 1 42 131 85 127 102 146 148 192 114 123 105 183 110 186 163 3 3 19 26 174 23 45 56 61 118 152 184 68 115 77 32 174 17 42 26 119 49 27 169 132 97 38 13 99 16 173 193 63 113 81 57 55 195 64 176 84 53 66 89 137 82 97 62 18 25 174 81 18 116 167 28 22 137 15 59 83 135 82 128 6 6 41 122 198 118 195 116 38 35 189 39 37 32 128 151 112 11 135 133 94 70 52 130 170 30 187 181 35 100 64 22 170 46 62 121 153 166 19 143 56 106 76 110 151 161 194 177 185 50 156 161 191 135 80 33 43 58 84 74 51 72 111 150 122 24 185 55 2 120 26 164 145 89 134 186 76 136 148 129 72 98 86 21 35 10 58 50 38 192 64 112 12 19 41 143 133 79 141 117 136 113 147 91 137 121 83 28 179 131 45 86 100 139 133 9 165 178 160 175 64 89 86 70 136 178 17 60 13 169 149 91 24 167 25 168 178 172 152 103 136 166 28 40 57 78 72 165 24 172 99 126 146 71 24 184 167 29 44 109 190 194 170 157 150 105 144 148 111 191 104 198 120 106 61 65 17 103 105 118 148 181 29 124 66 15 165 17 37 187 0 112 90 90 80 114 82 143 147 122 144 17 102 182 26 169 112 149 187 109 33 74 29 102 180 27 139 155 165 1 123 172 121 28 77 56 10 10 61 135 64 83 27 189 138 107 59 128 122 65 196 134 31 137 69 139 86 180 174 31 181 126 10 136 95 97 64 54 78 72 125 5 152 126 90 138 109 161 3 3 67 104 177 27 189 59 72 122 87 106 132 88 128 179 32 106 185 176 24 179 88 168 179 166 183 93 78 2 171 25 122 29 93 124 110 33 137 189 109 85 49 26 118 94 140 177 129 45 96 73 22 28 131 32 132 191 47 175 34 112 163 20 84 190 34 39 36 188 188 29 171 129 140 33 144 36 86 179 93 142 86 77 45 7 167 2 164 183 97 171 131 151 151 105 33 94 132 118 193 189 76 100 52 108 77 170 175 169 182 172 49 173 62 86 141 145 113 119 71 139 99 74 12 165 193 60 93 97 187 107 147 119 2 49 189 186 105 73 109 69 21 180 129 74 124 143 99 72 78 72 92 121 103 112 196 66 74 85 24 72 21 65 157 97 121 6 88 65 69 19 71 25 32 140 105 60 184 38 183 29 135 180 60 118 20 144 137 65 59 70 55 114 173 58 35 132 11 93 2 1 75 24 119 159 20 9 192 118 25 87 20 19 172 59 178 84 12 139 98 169 197 105 98 34 26 168 192 128 172 101 62 188 103 55 107 153 162 193 38 190 56 146 123 153 188 33 131 98 125 88 146 110 68 104 144 114 71 93 95 109 184 139 31 28 176 191 156 128 131 36 117 194 119 149 115 196 169 150 106 199 65 197 166 18 61 69 165 161 193 109 152 22 89 30 3 73 121 108 186 194 104 62 193 101 131 16 62 53 96 131 149 120 27 84 107 183 109 57 55 194 73 168 166 198 169 20 172 190 81 124 30 128 9 41 39 35 185 37 193 74 67 116 149 150 113 84 32 175 46 43 84 179 68 121 148 100 70 48 188 31 85 85 130 87 81 72 23 119 54 171 21 19 21 117 23 180 24 168 29 169 24 38 134 124 31 45 82 177 172 61 58 66 96 80 80 17 47 22 28 70 54 94 25 155 133 90 68 96 31 185 104 85 178 49 22 28 169 79 170 138 14 44 26 47 184 108 185 1 1 1 117 118 78 137 73 23 177 155 127 34 24 170 95 124 5 16 113 133 95 123 174 40 13 24 177 26 167 28 57 131 8 178 175 182 29 172 95 16 168 119 173 99 30 178 172 56 198 198 174 128 36 141 182 127 147 137 81 118 24 124 86 111 118 15 139 146 87 56 98 44 132 70 165 123 71 99 115 107 150 16 91 126 71 69 52 64 117 79 105 184 164 0 60 104 123 199 113 79 16 132 7 128 125 34 104 197 17 15 13 93 137 13 75 14 29 82 103 77 127 12 19 34 105 127 108 113 196 119 82 78 30 173 81 130 35 188 164 25 68 88 8 43 146 112 149 104 182 13 172 31 182 61 142 92 97 80 30 48 103 190 145 84 134 90 143 51 187 191 29 185 32 25 74 117 96 102 106 134 36 67 140 96 132 190 112 186 27 184 33 129 141 81 32 15 16 129 27 190 30 127 115 144 4 127 33 178 166 171 31 42 179 48 75 187 32 176 14 112 155 185 99 41 111 82 18 115 63 84 83 134 76 30 192 105 100 57 144 85 142 196 118 197 108 110 182 135 9 134 23 63 69 75 80 174 101 186 102 192 52 178 40 30 171 143 80 92 147 117 126 29 40 141 126 93 99 120 23 166 187 36 41 52 159 48 177 190 26 28 173 127 93 25 69 72 186 31 177 66 195 114 129 28 26 166 166 10 55 50 177 105 50 45 178 35 140 98 76 15 180 34 192 174 102 129 79 172 178 6 38 138 186 26 190 173 29 87 118 105 137 102 73 45 130 39 191 154 149 107 198 62 5 58 191 31 161 120 88 129 38 10 72 25 187 44 181 179 139 75 78 81 108 142 84 126 124 26 189 36 10 60 23 122 2 121 115 168 27 136 79 61 183 142 35 127 79 189 38 109 148 123 67 39 140 100 193 35 192 131 159 187 95 148 142 101 117 19 115 135 92 124 192 37 140 128 122 179 26 171 111 185 165 199 173 94 11 125 130 78 78 172 86 146 139 131 147 90 26 67 19 25 173 32 50 46 48 88 130 32 183 106 58 189 103 145 99 147 110 39 40 199 16 28 128 83 5 120 25 125 118 154 181 57 111 141 90 107 194 138 112 184 103 148 89 7 120 22 68 138 76 59 190 102 176 11 73 112 91 119 58 27 29 130 6 57 99 135 150 115 16 139 133 104 187 53 143 39 180 89 81 60 86 31 22 65 176 23 169 77 93 110 50 73 118 122 6 165 192 119 28 184 61 190 50 95 77 72 67 101 94 58 14 39 115 78 29 175 125 102 134 93 61 69 84 111 183 30 75 125 4 69 138 77 188 39 182 98 148 148 116 22 28 122 129 34 143 88 97 181 121 110 63 103 124 4 122 128 123 108 58 75 31 176 33 135 89 178 103 85 140 195 103 36 191 168 28 94 85 4 40 46 55 119 89 181 128 34 73 191 46 39 35 107 124 106 149 109 89 114 151 152 136 132 114 191 166 22 12 133 187 111 107 143 83 19 100 102 126 176 100 175 18 168 163 194 187 114 189 185 107 69 122 5 14 141 129 77 98 99 141 32 125 169 40 13 96 146 99 101 74 78 135 108 65 26
2410.301248 meters