file sh-101.jpg
nails 200
imagesize 150
populationsize 100
elite 20
genomesize 2000
mutationcount 0.001000
mutation 0.010000
minchunk 0.200000
maxchunk 0.500000
iterations 10000
stableiterations 10
goodgenerations 100
burst 0.000100
threshold 0.030000
ring_diameter 2000.000000
thread_diameter 0.010000
save_every 1000
history_step 100
---
2000 0.040000 200.000000  174 66 90 11 18 196 97 183 24 130 90 30 191 167 168 50 90 133 2 101 178 52 120 110 24 187 166 178 88 172 56 191 113 24 126 126 150 166 61 69 132 186 36 32 97 139 136 89 126 66 101 126 78 71 120 180 0 167 193 39 70 111 17 168 184 129 166 57 197 169 69 118 179 111 180 116 60 102 140 95 67 198 128 80 78 73 110 16 52 103 61 44 56 164 110 198 15 41 122 183 130 87 28 56 25 72 187 54 189 34 118 95 55 119 82 49 80 138 109 190 33 53 40 131 34 185 173 90 129 21 85 48 13 9 115 25 112 178 124 88 25 21 40 56 105 103 2 36 189 60 185 101 0 100 24 118 56 98 176 100 71 128 26 6 71 71 101 141 9 114 99 15 44 58 11 9 44 131 198 36 187 107 23 46 111 22 109 17 185 164 189 65 192 185 23 172 22 37 10 113 177 2 61 42 128 105 80 6 101 183 166 13 172 18 54 104 138 112 94 182 16 106 140 139 111 191 108 188 182 125 191 37 12 173 20 189 69 78 136 166 10 136 101 68 113 49 152 154 196 68 124 49 23 84 122 65 68 119 161 90 119 11 79 49 26 86 135 133 85 130 82 20 183 132 122 33 183 166 3 131 67 41 14 167 1 76 108 125 128 177 28 125 32 190 37 57 104 187 55 40 18 5 7 186 24 97 90 25 32 35 194 82 32 3 39 109 189 72 98 59 43 101 184 195 169 57 187 105 64 6 107 57 22 19 22 71 197 38 36 104 12 77 114 98 195 34 34 182 12 78 68 107 38 112 90 37 94 174 194 5 169 171 193 57 167 132 81 80 14 12 119 175 11 78 70 131 89 120 10 39 117 32 181 4 34 114 3 38 31 130 81 139 95 183 30 136 91 124 135 77 77 0 197 65 109 193 97 158 158 179 1 197 170 20 108 85 118 141 117 31 121 140 10 117 90 182 70 117 83 48 89 87 127 83 16 62 193 113 134 69 84 155 53 74 99 173 1 129 61 39 31 98 77 27 80 98 174 72 131 79 24 17 169 7 100 143 5 58 173 23 194 78 170 172 190 36 19 108 178 181 33 34 193 122 128 122 78 25 109 67 107 166 6 74 131 38 13 43 50 80 96 173 54 48 91 9 76 5 135 93 61 126 88 56 167 167 195 119 66 1 180 126 40 116 71 57 55 46 147 146 110 190 22 175 26 71 135 172 178 171 18 5 9 107 86 138 176 193 60 57 170 75 199 81 5 173 22 27 114 139 139 78 132 6 168 186 103 121 179 168 60 13 68 177 182 103 138 180 89 109 79 137 123 66 121 184 194 70 100 181 101 180 57 40 135 116 11 186 104 90 166 89 56 65 84 8 59 72 78 66 50 41 17 82 51 89 67 111 64 14 166 167 2 75 55 50 57 1 88 132 144 21 198 99 131 73 118 172 55 31 132 39 102 64 69 106 110 23 112 78 137 131 24 114 26 118 37 93 110 192 123 65 129 195 191 63 84 114 89 20 25 178 166 2 39 31 74 0 121 70 59 33 10 61 8 118 82 131 116 4 0 192 57 85 23 8 68 49 61 68 116 128 122 128 70 112 137 109 0 196 74 8 113 22 86 58 105 1 99 134 37 193 29 128 131 47 122 169 16 172 178 89 132 75 3 196 72 193 110 78 115 110 122 59 194 14 121 174 96 129 163 54 128 88 177 26 180 166 0 126 35 196 79 61 169 19 111 163 51 134 42 121 89 173 192 107 135 75 27 133 181 102 22 115 92 55 111 81 1 19 190 141 113 20 110 64 81 78 91 163 53 70 81 6 40 29 179 196 163 163 166 59 114 132 71 177 29 180 32 185 48 72 75 68 83 98 105 131 129 79 128 72 169 15 174 14 170 19 193 165 137 153 28 93 141 100 107 15 189 63 11 57 108 76 130 72 191 58 170 135 86 47 107 189 96 139 123 89 161 1 53 102 112 119 72 171 194 113 137 81 20 38 33 6 115 29 85 85 173 169 8 86 82 104 167 60 87 114 25 60 188 165 165 194 120 193 24 182 134 102 138 181 30 127 22 28 119 78 199 70 43 19 127 18 39 38 35 122 56 170 77 130 136 36 194 124 102 62 175 100 73 7 115 73 96 120 12 17 143 143 46 73 117 25 87 137 124 46 82 121 11 134 117 196 142 111 24 108 15 38 4 113 67 125 109 105 24 87 176 113 6 116 121 91 182 8 168 179 27 195 37 50 20 125 168 199 124 79 93 35 12 93 69 74 123 182 92 12 18 176 21 106 186 29 41 98 105 159 176 24 128 97 35 187 21 107 186 171 83 116 93 143 188 51 126 197 31 29 94 124 77 138 141 183 102 96 28 23 130 104 5 115 76 120 79 75 25 81 11 24 91 60 113 77 2 175 177 5 79 101 73 127 191 35 0 65 102 177 74 129 23 86 137 183 19 157 85 60 50 45 26 183 27 113 85 67 96 107 88 8 77 123 129 38 117 177 119 193 36 62 96 32 131 103 199 33 172 52 126 144 175 28 126 179 31 57 189 181 29 112 21 5 195 40 123 27 162 164 182 55 59 108 47 125 164 181 46 69 108 82 0 168 146 124 61 65 96 43 105 44 123 33 196 164 29 176 8 165 192 191 96 184 162 114 28 178 67 20 1 33 135 95 53 124 182 170 198 76 129 82 82 170 2 38 62 77 100 95 60 105 109 51 79 42 112 51 38 8 166 192 68 19 45 84 173 144 106 188 128 77 127 93 122 176 27 198 160 121 98 173 167 55 107 139 70 51 153 85 172 15 170 80 4 104 45 70 99 110 189 61 128 62 168 167 61 106 116 22 19 72 75 96 171 6 56 77 64 123 93 139 84 94 46 123 112 192 124 99 176 88 123 128 86 63 15 95 30 119 133 172 175 93 182 48 112 62 13 175 63 186 137 108 97 92 76 41 1 24 74 44 143 144 126 73 1 31 83 5 102 143 180 98 27 90 107 74 72 79 46 30 84 71 82 136 88 116 28 182 185 36 119 140 88 11 19 81 171 168 54 43 50 57 14 125 106 187 95 84 125 132 116 74 125 17 12 168 16 94 88 10 85 139 90 103 176 190 4 69 32 184 105 155 195 134 82 95 14 171 168 188 36 59 191 69 3 9 112 76 170 64 54 3 81 57 46 22 73 73 169 178 161 161 163 193 145 144 116 10 184 97 126 155 29 130 187 195 49 146 45 3 27 110 188 27 91 183 35 26 40 95 112 7 33 117 87 126 95 129 27 4 28 22 52 166 31 123 16 196 77 137 4 103 7 165 156 156 191 189 37 115 136 120 102 47 123 73 130 74 21 87 173 174 86 124 63 14 67 118 43 30 179 26 112 78 72 133 88 121 80 79 142 142 119 81 52 164 9 75 76 3 162 197 133 104 74 49 101 175 180 90 181 63 41 28 16 133 81 94 133 70 106 10 0 195 174 25 185 6 111 141 18 106 142 127 136 85 32 192 58 103 112 195 54 133 84 130 63 168 11 10 165 2 135 92 117 59 72 197 192 55 199 183 164 90 165 197 100 31 178 17 18 170 174 11 169 175 97 18 110 14 16 42 22 106 184 68 130 138 97 58 9 86 129 62 198 34 30 157 133 63 171 16 65 76 100 178 41 118 80 100 127 64 66 87 133 97 92 160 181 175 94 120 9 117 101 102 3 134 87 171 199 64 17 98 151 50 60 131 39 59 168 169 172 86 171 9 13 91 127 167 12 166 176 7 153 151 83 122 69 102 100 62 65 91 55 165 109 93 91 87 178 172 155 50 45 125 181 10 59 93 179 99 143 107 78 138 42 21 83 19 96 13 167 163 107 17 92 29 132 66 175 96 117 27 25 173 86 2 34 90 77 13 105 11 0 54 28 131 95 174 23 198 167 171 21 103 180 172 182 33 191 36 96 186 159 118 22 76 25 175 166 0 195 188 107 138 132 37 188 11 165 106 191 74 52 125 62 29 135 89 111 43 115 147 188 33 184 99 16 77 148 149 189 120 34 134 125 82 172 122 166 179 88 114 136 83 139 138 84 134 79 99 139 121 75 134 50 194 21 124 195 30 180 20 199 159 103 115 82 128 122 113 28 111 86 132 72 66 48 30 178 7 60 173 95 91 160 161 168 181 92 105 185 186 148 146 137 68 68 122 27 10 24 34 184 13 122 199 127 25 181 142 108 187 5 39 45 87 172 83 25 184 166 9 167 169 199 59 188 35 45 58 166 4 162 118 76 138 131 181 178 172 197 132 125 26 7 39 19 125 131 76 190 107 4 20 105 186 140 94 14 81 135 188 186 32 113 7 114 190 165 91 129 137 85 24 192 168 141 40 106 111 72 77 4 174 87 129 146 149 177 89 10 176 116 76 122 87 20 195 35 184 133 35 104 69 120 19 168 167 196 111 140 91 181 31 99 64 174 21 178 190 64 121 128 58 16 66 185 104 188 75 7 31 185 29 41 50 184 172 169 18 105 143 42 115 84 19 126
2438.975920 meters