file sh-100.jpg
nails 200
imagesize 150
populationsize 100
elite 20
genomesize 2000
mutationcount 0.001000
mutation 0.010000
minchunk 0.200000
maxchunk 0.500000
iterations 10000
stableiterations 10
goodgenerations 100
burst 0.000100
threshold 0.030000
ring_diameter 2000.000000
thread_diameter 0.010000
save_every 1000
history_step 100
---
2000 0.050000 200.000000  184 1 128 199 116 190 119 186 61 37 123 44 40 18 184 183 31 96 137 81 199 180 120 0 36 197 162 163 89 68 113 178 28 134 71 189 54 78 131 128 22 90 25 180 1 39 108 188 114 197 88 82 107 148 90 7 116 73 54 73 22 34 186 189 15 150 150 54 18 172 178 74 194 26 178 175 192 123 34 103 126 31 1 149 89 126 51 145 48 8 39 31 189 107 40 127 181 199 129 6 141 42 19 130 112 71 108 182 17 74 125 41 8 129 95 132 118 196 127 190 60 1 61 192 11 78 198 139 100 61 111 119 29 177 11 154 58 128 126 87 25 172 183 15 5 130 196 37 93 122 128 164 11 170 22 135 51 150 198 32 65 4 178 22 26 75 132 134 39 136 32 185 140 46 30 129 82 196 88 85 117 176 14 195 191 169 5 193 86 181 20 45 50 58 91 184 158 158 192 28 93 7 43 64 116 24 93 147 116 99 174 5 66 113 189 35 43 41 139 123 75 140 130 93 57 193 123 88 138 136 172 142 80 56 86 3 164 150 105 17 128 135 35 193 60 82 78 197 81 75 118 174 9 41 29 191 126 100 144 121 49 143 12 181 107 165 182 124 16 169 112 114 79 143 145 187 182 91 164 169 10 121 185 105 132 65 165 57 85 141 118 119 13 190 126 39 18 174 96 130 190 176 114 64 166 37 3 161 129 98 11 147 140 35 98 110 124 84 118 192 121 16 167 62 90 38 137 133 78 151 57 129 23 72 78 122 79 130 198 183 123 84 140 121 37 31 29 134 20 170 185 26 115 77 142 136 93 137 75 174 19 115 44 109 84 86 160 9 69 17 170 14 101 72 6 169 190 30 36 194 123 0 189 111 196 12 138 135 78 75 29 82 120 179 123 128 148 186 124 194 31 180 115 20 191 58 65 180 20 67 56 190 79 92 183 33 181 32 124 42 9 24 86 96 92 123 108 76 104 74 52 121 181 103 67 108 127 83 145 107 134 164 10 194 130 74 98 172 7 71 179 64 61 67 103 179 25 4 0 168 187 171 69 105 158 6 166 167 168 173 96 9 180 122 86 22 116 174 20 36 127 91 89 4 187 22 88 4 163 1 156 104 135 118 28 127 98 68 109 32 101 136 116 177 95 24 33 197 180 182 12 167 114 182 175 178 66 131 90 125 66 176 195 56 70 169 64 175 107 101 80 67 92 110 186 23 178 173 97 30 99 10 41 16 97 36 189 188 112 166 177 108 131 89 26 71 4 20 64 17 171 64 86 117 76 98 57 190 111 37 193 113 76 94 10 58 84 17 180 24 182 32 2 138 42 72 60 120 176 9 113 136 43 34 196 36 90 122 82 58 121 21 122 119 180 29 120 87 2 124 78 25 41 45 25 115 119 88 83 143 50 119 28 22 131 119 193 125 76 10 0 170 47 137 98 3 174 103 77 180 186 109 111 65 167 63 175 83 181 172 6 57 59 199 69 78 193 32 199 138 139 75 70 121 191 124 100 55 186 105 147 22 172 178 30 101 48 125 199 172 97 160 4 170 195 111 130 134 83 62 3 180 117 81 80 28 174 195 122 128 168 14 3 40 140 139 139 81 141 125 88 63 0 93 89 84 106 57 96 175 29 138 35 83 194 34 17 113 117 144 52 146 54 81 16 128 66 179 12 99 136 91 4 127 187 106 131 94 186 107 109 66 78 107 45 97 60 174 196 120 189 109 70 102 106 20 182 74 193 24 39 33 185 71 117 23 85 73 27 117 90 3 10 114 129 103 135 105 66 19 194 113 196 125 192 26 184 32 57 72 192 128 110 82 16 27 114 179 115 13 179 191 32 186 14 79 72 170 154 77 9 95 133 92 21 30 199 37 138 110 187 107 117 7 74 133 3 118 177 25 20 188 171 11 13 40 23 133 181 77 199 182 171 21 185 10 38 34 129 12 98 122 126 10 31 196 188 0 132 36 7 177 2 162 125 121 195 129 105 161 5 9 173 93 181 124 195 139 37 40 28 4 64 109 105 91 21 173 23 46 69 131 99 129 53 143 141 115 2 169 197 168 62 45 142 91 197 172 177 20 173 99 128 122 91 2 109 185 108 89 150 191 148 82 119 139 85 127 125 104 151 9 128 116 175 20 2 170 115 188 61 157 106 178 183 119 26 197 159 61 156 155 106 38 122 69 180 79 57 99 130 97 136 100 185 102 184 122 141 141 140 104 99 11 19 103 14 63 96 107 139 118 31 98 182 4 116 91 114 191 120 177 0 171 19 178 102 174 95 36 155 115 17 160 85 103 145 120 27 95 101 176 13 9 5 155 152 88 112 195 39 100 147 53 46 101 130 0 39 103 118 25 18 104 65 65 55 59 196 170 12 120 80 123 187 123 33 26 177 1 34 137 39 25 181 172 10 28 31 138 185 24 76 175 65 15 98 140 105 73 111 176 115 72 110 165 2 176 27 181 29 178 117 168 40 21 176 26 82 198 38 41 15 79 138 137 90 133 184 195 179 18 82 100 121 177 24 176 19 119 35 32 44 93 26 174 197 116 99 93 118 193 20 162 135 121 77 138 127 60 195 23 17 41 105 86 93 8 187 11 37 198 84 0 82 136 33 62 197 184 192 126 138 38 78 30 90 89 81 104 187 21 106 144 94 69 113 198 131 121 188 16 67 119 22 19 22 30 181 119 134 122 30 6 71 178 116 178 100 28 175 61 68 50 124 193 177 29 40 39 41 12 171 22 19 189 104 185 170 170 18 118 179 27 75 95 33 94 7 40 6 11 173 10 176 62 126 28 92 131 85 34 45 50 80 13 186 31 81 184 31 127 34 15 83 114 87 141 95 124 12 68 5 0 83 17 43 48 143 121 193 126 180 78 31 22 28 22 118 83 37 4 41 21 113 106 74 33 191 122 197 129 89 111 95 130 86 66 7 196 6 117 177 5 74 72 77 13 169 68 102 15 173 102 75 31 76 26 15 43 72 78 81 97 58 98 132 80 193 14 80 189 108 34 54 61 172 72 132 130 81 113 84 178 174 114 118 176 104 107 80 12 35 199 33 166 60 7 161 109 178 119 23 184 174 101 15 166 98 175 106 71 94 159 0 69 24 0 196 97 69 187 30 40 10 95 138 89 182 29 79 131 195 115 177 9 171 114 178 73 191 63 69 127 102 126 179 73 57 78 110 38 195 36 193 27 2 16 122 49 97 141 110 120 142 114 119 70 118 149 55 59 90 52 148 148 2 67 18 125 49 142 122 134 85 197 23 171 99 183 66 193 197 189 184 27 25 172 185 173 1 122 190 27 175 110 135 133 9 172 12 123 30 81 1 170 70 107 72 69 11 195 0 97 12 114 38 130 41 11 125 188 111 29 91 52 72 95 84 105 80 31 178 62 39 193 38 42 103 144 7 25 174 172 169 61 118 29 185 106 119 32 195 79 109 176 184 29 131 76 84 54 67 96 151 59 126 111 84 69 124 90 145 109 190 139 87 100 69 175 170 19 41 99 65 170 149 51 78 115 173 18 73 131 37 119 176 166 62 59 171 13 170 96 117 146 0 192 110 133 79 27 186 28 196 128 27 176 28 78 132 185 16 100 174 16 130 39 37 133 174 83 112 40 190 113 94 62 121 101 135 36 125 1 126 41 5 9 62 53 87 55 30 181 21 83 141 111 77 28 183 82 182 19 188 35 8 34 93 65 6 175 169 67 125 29 14 32 77 139 32 120 193 180 100 175 112 76 91 153 190 34 121 31 28 175 25 91 55 107 116 77 63 110 177 61 97 74 172 178 30 105 179 178 72 69 18 169 171 10 36 157 155 58 88 131 122 188 144 40 198 24 183 8 70 112 171 23 187 5 87 21 170 66 3 73 81 39 94 25 124 68 195 65 30 179 175 15 81 132 97 92 61 123 155 107 180 87 133 102 31 181 72 136 111 167 59 70 179 31 132 87 188 124 112 11 183 135 181 123 20 38 120 103 177 27 43 43 132 125 118 80 184 109 87 128 198 38 196 63 75 178 104 13 97 128 33 86 107 19 28 179 21 35 192 168 168 11 171 194 112 142 108 90 6 163 162 110 110 131 95 38 2 83 51 35 3 30 117 4 68 1 171 193 111 12 0 128 118 35 136 25 50 74 32 183 191 75 188 191 39 65 129 80 98 126 195 37 16 171 20 36 191 112 86 186 145 87 68 167 167 13 63 173 24 186 108 146 192 172 177 105 22 70 183 104 60 86 133 132 125 194 127 15 19 42 44 24 173 188 109 193 53 74 131 82 128 132 84 97 174 62 69 23 175 160 159 198 61 29 2 142 5 91 132 93 77 136 131 122 0 169 192 151 103 112 187 140 129 96 59 23 110 189 166 191 37 14 40 5 89 120 17 66 110 79 75 128 47 26 124 38 32 181 172 21 199 64 176 105 182 84 189 170 175 22 171 171 198 59 72 56 152 172 178 20 88 172 172 169 19 128 35 196 123 35 96 8 63 89 104 93 106 184 33 135 26 180 22
2448.582338 meters