file sh-3.jpg
nails 200
imagesize 150
populationsize 100
elite 20
genomesize 2000
mutationcount 0.001000
mutation 0.010000
minchunk 0.200000
maxchunk 0.500000
iterations 10000
stableiterations 10
goodgenerations 100
burst 0.000100
threshold 0.030000
ring_diameter 2000.000000
thread_diameter 0.010000
save_every 1000
history_step 100
---
2000 0.010000 2000.000000  20 165 74 41 6 42 147 110 194 146 62 23 165 159 172 139 34 180 184 62 28 104 172 178 131 31 45 41 4 52 173 122 167 46 66 3 113 25 92 145 143 141 81 82 138 178 31 182 51 80 103 175 52 88 132 181 75 3 180 49 135 180 160 5 134 13 174 196 111 67 36 15 140 89 91 49 98 70 55 178 148 145 88 147 138 184 158 43 162 82 193 104 51 73 128 164 112 55 13 108 86 121 168 24 199 126 9 161 167 149 195 75 78 136 12 129 48 93 123 68 101 154 5 171 29 176 13 67 30 9 52 107 124 73 9 119 155 4 125 122 65 49 92 41 87 145 96 21 4 97 64 189 36 31 16 46 94 164 84 14 105 115 175 126 168 26 10 165 120 22 94 85 127 130 154 74 99 155 99 140 34 59 182 182 78 128 8 192 12 167 172 178 129 66 112 161 116 87 124 173 197 41 60 108 79 138 167 129 2 40 199 123 181 120 139 93 40 81 66 177 33 182 100 179 136 120 81 79 133 91 132 78 91 149 155 186 12 137 169 77 198 133 180 183 159 192 104 57 128 20 5 121 169 165 117 140 165 165 4 120 110 56 186 143 155 22 104 76 2 166 47 169 98 23 34 31 189 182 36 3 117 143 82 38 20 189 195 148 88 81 36 117 35 188 21 164 85 37 2 187 38 89 39 190 178 57 85 16 57 153 167 144 106 76 72 33 47 90 13 170 199 76 88 111 70 34 9 171 198 192 106 70 124 101 20 90 57 97 150 20 57 103 28 25 100 95 45 42 0 111 108 159 11 25 172 125 33 73 78 121 60 27 106 13 27 170 23 36 139 114 64 108 182 93 122 69 10 102 191 58 16 179 7 155 123 144 170 111 138 123 0 23 122 24 107 69 190 156 7 122 72 131 95 139 13 137 183 57 119 33 112 61 63 25 132 90 150 109 49 79 45 74 196 40 20 113 144 17 173 197 109 75 39 40 88 41 1 174 32 33 190 163 6 54 113 179 56 116 36 66 101 126 65 79 125 132 116 57 98 77 167 25 109 11 157 98 19 170 123 118 5 0 159 159 109 70 88 48 11 16 95 91 151 130 71 189 18 47 3 112 58 115 62 111 162 142 181 138 13 163 122 184 27 188 20 99 65 65 185 137 50 95 149 198 7 47 38 193 0 46 100 84 43 5 45 12 78 137 103 9 11 69 71 104 133 181 48 8 14 169 19 22 19 181 109 59 91 41 8 119 18 79 106 11 175 32 28 22 96 174 23 64 50 54 74 133 179 131 147 90 137 76 196 149 119 63 111 119 168 0 150 38 48 74 193 108 161 135 88 81 4 114 159 124 111 74 129 72 132 173 117 27 18 162 127 96 79 31 173 103 112 72 10 11 50 9 156 184 166 119 67 183 8 195 0 7 40 86 51 66 127 36 143 130 10 121 20 93 27 5 0 173 126 150 47 81 125 68 119 31 54 103 158 6 82 169 90 77 105 52 184 60 95 65 147 92 118 71 96 147 142 87 141 86 84 176 195 109 89 187 36 78 163 7 69 35 26 71 51 93 136 77 102 151 108 139 82 98 9 74 108 194 106 128 172 55 17 114 93 110 158 130 147 195 113 61 104 48 40 90 179 141 16 0 91 127 168 22 174 5 11 58 198 70 123 29 30 170 17 1 126 83 161 190 107 82 46 18 28 75 116 70 85 9 37 188 155 152 198 32 111 92 113 140 128 116 64 148 108 140 123 71 28 171 146 102 65 75 82 34 126 7 120 89 169 140 129 103 155 164 118 151 164 165 3 42 152 94 149 50 187 157 138 166 102 115 89 147 1 118 66 1 27 196 162 14 191 155 104 145 97 143 116 78 131 80 127 76 153 0 11 18 163 157 23 55 102 12 107 152 189 92 149 47 106 156 100 21 152 173 23 61 119 78 14 173 27 43 146 85 196 147 112 96 75 33 184 195 128 160 25 121 37 89 148 125 84 17 61 3 171 22 175 88 115 79 95 22 97 185 64 187 29 169 20 186 67 191 195 146 11 79 73 5 32 109 31 78 139 8 127 148 142 124 162 129 159 12 194 41 159 131 156 103 110 142 88 62 65 22 56 101 192 185 102 107 25 72 154 163 17 161 105 65 89 141 172 53 60 112 63 177 128 122 37 76 61 68 128 35 8 83 111 73 68 27 92 140 184 87 198 160 125 85 67 126 158 112 133 27 25 46 19 192 35 71 120 63 98 149 197 189 39 148 130 79 2 44 199 22 185 156 0 45 165 107 53 104 98 25 197 164 114 90 127 89 13 189 104 121 197 59 189 190 116 118 59 82 101 120 67 188 175 181 34 83 18 171 175 30 120 188 153 191 32 136 85 142 188 181 35 142 119 85 123 36 190 40 160 107 143 86 137 32 15 106 154 97 47 12 80 170 153 104 89 43 136 158 199 30 39 199 113 65 97 29 191 154 151 115 4 193 31 57 18 145 120 29 168 113 116 3 34 185 27 22 46 14 41 37 184 169 9 130 156 42 163 133 176 87 116 72 78 75 131 189 43 97 89 1 153 121 165 139 89 137 182 24 171 30 105 50 101 156 6 165 166 17 94 153 5 124 92 99 62 2 90 0 157 62 187 1 156 144 193 110 72 127 125 69 178 64 43 92 14 110 198 176 196 105 56 107 191 26 170 124 24 167 177 153 180 29 173 24 8 39 71 180 196 41 93 151 122 125 110 100 62 123 128 29 10 85 138 75 78 170 155 60 101 88 117 152 39 5 9 21 80 54 85 198 75 71 43 195 34 130 81 79 35 177 28 172 176 8 178 25 166 194 26 69 72 168 192 146 154 117 115 162 184 35 123 77 37 141 160 112 174 53 82 115 179 50 24 86 187 113 28 167 16 19 150 43 87 143 190 63 8 50 107 60 71 67 112 117 132 99 126 140 81 104 160 43 134 119 23 95 122 128 193 103 41 80 76 50 28 25 169 125 119 122 127 159 107 63 184 31 174 2 153 3 169 28 77 137 197 76 95 148 99 178 132 75 30 45 53 12 57 28 49 96 7 58 186 111 76 135 102 29 52 33 83 141 48 102 118 163 185 157 103 52 26 186 38 188 146 179 106 157 110 191 35 14 44 96 196 62 69 46 15 59 193 151 119 148 111 163 115 60 80 84 142 134 109 105 155 98 151 148 117 6 37 186 199 162 19 185 139 134 179 12 44 19 41 157 7 183 36 141 189 162 8 120 147 192 72 117 67 42 161 119 164 195 35 68 185 81 163 73 119 69 181 178 34 113 163 4 119 87 164 86 170 139 80 3 91 146 87 23 168 167 20 42 50 4 161 122 64 111 68 113 95 151 192 38 75 8 84 130 174 125 75 79 111 59 157 10 168 186 63 24 193 29 106 71 73 30 122 171 55 186 84 72 190 91 150 132 40 28 51 89 86 42 4 31 133 32 77 64 118 34 39 191 105 116 68 181 53 52 84 38 140 144 35 180 20 62 199 109 71 42 96 152 106 55 155 100 150 199 120 65 115 2 50 108 144 101 49 166 135 80 44 15 50 55 30 172 182 76 33 114 124 147 174 191 63 183 140 90 69 160 175 33 136 73 8 45 27 174 12 158 40 62 34 131 2 94 6 172 31 74 118 167 114 90 26 21 153 169 147 191 152 136 141 88 1 113 109 17 174 59 20 163 145 191 73 75 68 199 36 11 87 66 84 162 118 86 122 128 88 68 121 66 38 7 127 114 2 182 61 117 71 133 138 171 117 4 61 188 54 64 14 132 135 90 41 191 143 148 19 194 38 154 113 58 83 7 53 62 66 124 68 187 139 131 174 134 112 168 141 7 67 97 92 53 91 107 10 124 150 172 179 31 22 179 175 172 124 161 129 157 9 44 39 88 85 43 82 35 83 94 41 142 159 105 188 140 95 69 112 152 95 5 70 128 157 198 40 16 164 169 175 190 70 84 143 178 96 129 100 51 91 15 168 87 64 106 160 15 189 190 146 37 185 83 44 18 146 105 165 191 160 149 110 69 180 148 100 72 81 171 143 9 174 128 175 91 126 30 186 140 84 166 87 39 81 37 55 57 59 102 102 67 22 7 100 57 194 150 94 54 58 95 62 121 117 178 97 60 188 99 144 39 45 198 184 82 101 105 114 66 161 15 82 129 59 180 98 193 18 187 181 27 58 58 102 61 37 143 174 149 117 66 90 54 180 56 39 91 43 2 93 105 150 177 145 86 197 1 80 70 121 148 106 135 94 50 6 120 197 38 0 78 135 104 156 64 55 57 188 33 10 128 82 160 181 101 71 192 177 0 108 196 81 72 105 193 149 181 58 88 166 1 154 107 74 134 182 193 145 131 176 178 168 5 97 19 77 129 69 188 163 121 32 135 99 56 83 137 84 127 172 31 26 61 100 141 182 11 72 96 103 145 100 183 28 105 54 77 183 4 24 169 22 122 145 143 141 93 5 15 62 19 162 159 40 145 130 193 56 61 109 73 167 72 75 115 32 178 21
2422.811391 meters