# add black area on forehead, so eyebrows don't mix together
file sh-109.jpg
nails 200
imagesize 150
populationsize 100
elite 20
genomesize 2000
mutationcount 0.001000
mutation 0.010000
minchunk 0.200000
maxchunk 0.500000
iterations 10000
stableiterations 10
goodgenerations 100
burst 0.000100
threshold 0.030000
ring_diameter 2000.000000
thread_diameter 0.010000
save_every -1
history_step 100
---
2000 0.010000 2000.000000  26 161 92 118 83 192 124 46 169 130 66 16 18 58 88 60 100 175 57 67 14 122 128 90 67 11 157 89 21 109 65 38 122 37 70 118 71 15 72 171 108 61 103 19 25 158 61 68 47 110 175 108 124 199 52 136 63 93 28 58 33 119 177 113 16 71 191 85 129 43 130 182 39 35 7 163 188 77 39 181 31 72 181 104 20 195 0 158 161 31 29 37 13 75 49 95 62 162 65 163 149 147 86 136 0 119 82 63 22 71 137 134 86 130 146 151 171 38 93 48 70 96 130 186 114 99 79 134 88 97 73 31 120 43 127 69 162 25 171 47 32 70 42 78 72 118 199 198 160 64 21 172 57 31 186 79 34 12 32 63 134 67 99 77 50 141 120 90 56 82 51 199 122 87 41 45 170 143 103 185 6 34 171 111 93 59 2 164 70 93 138 50 64 195 135 43 84 124 86 178 181 130 80 84 117 184 104 110 54 19 22 166 90 73 186 155 2 158 174 185 40 178 39 124 0 122 186 156 1 180 60 75 170 99 175 22 84 32 21 168 192 43 110 121 78 125 132 132 92 117 116 157 197 48 24 178 14 18 114 32 130 110 21 16 35 125 42 121 119 165 157 18 191 114 119 182 181 124 95 85 193 120 134 93 50 19 66 135 87 124 42 50 94 133 99 42 67 31 74 101 78 72 20 180 71 28 22 40 89 43 190 84 164 25 71 181 133 165 88 173 157 159 10 37 69 136 188 117 95 128 122 190 159 199 160 100 123 102 134 84 118 41 79 36 173 108 133 42 76 104 198 105 59 176 103 161 159 187 40 44 94 137 109 136 98 62 180 13 47 177 110 77 127 44 85 125 119 76 60 28 57 190 158 53 0 171 98 109 60 192 157 129 86 15 27 118 52 35 128 116 25 105 109 73 107 66 39 175 146 69 75 129 194 166 197 165 122 119 91 51 30 160 105 191 58 175 59 95 169 54 105 83 121 60 25 185 131 76 20 63 14 38 121 139 93 116 87 120 183 110 69 161 167 21 162 95 111 196 23 58 116 185 62 34 119 196 0 5 33 97 168 119 55 102 182 112 26 55 188 169 122 167 37 20 12 42 87 137 133 55 109 172 46 89 126 136 72 164 184 61 68 69 21 41 85 73 166 190 111 65 73 47 82 44 133 90 132 65 30 121 199 16 53 131 42 39 62 80 25 22 24 113 176 54 14 56 189 191 154 85 98 66 33 130 171 103 115 88 103 110 173 178 186 118 86 46 91 95 26 159 197 124 160 170 196 49 21 62 23 115 96 141 0 121 181 101 137 106 78 127 93 131 95 176 179 71 113 87 129 35 54 131 128 190 108 146 184 109 170 3 157 198 161 124 79 14 11 35 133 114 26 162 29 57 176 186 126 191 119 54 135 104 189 140 98 55 13 119 38 15 36 148 125 22 50 130 58 145 32 54 34 128 116 27 62 106 134 39 170 55 17 158 100 33 87 63 186 55 171 107 105 72 78 104 187 106 169 156 182 72 92 135 46 134 98 69 114 181 50 27 53 123 83 130 128 131 41 14 17 27 45 92 56 39 176 20 8 166 89 51 59 177 10 25 57 98 138 103 89 112 115 191 156 196 65 20 44 72 184 75 112 23 11 19 158 137 78 18 136 102 66 187 183 61 182 169 65 46 84 54 15 65 166 38 178 181 158 191 108 138 82 125 106 199 120 188 109 136 50 198 127 38 172 156 198 162 71 110 98 159 158 7 8 33 146 57 131 69 87 166 115 181 28 114 129 38 47 30 64 162 195 121 34 52 21 17 176 155 188 41 169 175 163 69 14 185 121 159 28 129 104 86 64 130 135 90 48 125 73 183 129 41 20 77 72 18 68 107 198 174 158 179 154 193 113 75 120 88 128 122 178 172 17 162 196 120 13 6 156 112 28 4 166 104 69 177 37 117 72 166 53 90 75 28 191 195 180 126 97 114 134 69 12 76 128 180 49 85 107 182 21 121 49 179 126 199 142 123 31 28 83 74 186 185 71 37 132 50 45 74 21 81 47 135 82 191 59 101 174 25 42 20 68 29 22 143 163 169 96 170 104 60 81 126 134 174 174 98 43 86 34 14 74 43 55 57 173 178 172 162 31 16 196 172 108 83 97 70 53 165 127 40 112 148 199 114 22 177 111 133 111 24 159 176 47 172 26 89 129 191 159 1 124 147 182 60 91 127 110 87 94 46 71 91 139 133 68 85 113 192 59 87 80 188 185 64 16 61 99 91 160 19 188 104 153 188 160 17 44 104 96 67 115 178 125 183 59 70 55 97 62 150 198 143 97 169 85 163 5 164 82 123 195 157 21 78 36 163 195 128 168 15 161 29 75 39 167 184 40 28 128 59 26 192 119 31 80 13 164 81 39 73 30 115 26 10 10 35 81 163 34 47 29 116 90 107 99 124 51 198 52 125 192 87 165 66 108 91 55 18 83 94 126 152 184 30 114 184 102 84 121 125 30 167 178 127 126 37 172 102 21 106 183 180 103 142 164 35 118 183 72 192 193 86 21 72 33 172 159 0 140 95 89 56 145 170 162 167 64 48 177 148 82 33 40 79 75 185 187 113 28 55 132 128 181 179 145 119 77 130 70 182 143 54 50 120 128 87 57 106 139 115 43 22 28 120 138 113 106 170 159 52 73 112 139 140 97 173 78 118 36 127 108 137 123 19 128 183 38 78 68 176 158 162 125 39 179 103 181 113 73 27 193 45 168 64 182 25 82 31 25 100 93 122 119 197 169 172 110 24 39 131 168 106 140 109 79 114 65 56 16 28 8 157 188 116 181 6 112 91 138 23 45 37 169 105 176 198 135 59 83 111 80 40 71 102 180 191 117 137 68 165 37 131 100 174 112 173 0 157 184 177 101 42 190 189 117 113 22 2 177 54 170 35 101 13 72 110 59 144 180 177 58 176 183 167 95 135 73 101 22 187 189 123 109 197 183 114 192 88 112 103 93 145 151 38 54 187 29 55 104 177 56 173 166 39 177 197 126 83 44 194 159 22 3 155 163 63 69 121 112 193 122 128 36 74 193 161 97 87 133 88 82 38 168 153 118 188 129 68 13 6 159 23 59 33 10 31 60 70 163 117 96 108 189 57 2 174 57 177 198 121 91 124 176 125 55 159 161 0 126 39 32 69 72 115 186 120 53 94 175 162 166 189 81 57 15 157 5 69 19 19 182 109 199 179 157 101 32 50 96 45 16 133 95 126 131 186 105 180 197 128 158 43 50 105 111 198 194 62 49 23 43 191 120 82 78 46 19 78 64 127 81 120 96 132 41 74 82 158 51 92 67 106 80 187 77 56 118 88 132 101 139 134 110 66 23 90 62 181 180 161 66 80 117 28 65 124 59 122 33 170 46 184 71 30 164 184 19 52 30 25 20 74 109 146 167 1 158 14 76 32 127 145 195 133 80 135 171 196 122 24 74 134 96 72 12 73 133 47 79 189 197 163 82 131 129 93 142 117 34 129 58 111 193 109 78 72 75 23 76 85 53 43 136 45 31 146 155 192 90 168 99 33 42 188 20 25 195 116 186 107 173 175 47 177 41 80 61 68 105 187 41 168 196 47 94 142 196 131 91 137 83 34 126 163 169 147 140 122 20 60 1 55 145 193 132 43 68 23 111 183 154 176 98 169 99 139 180 100 76 125 132 69 28 97 182 50 57 45 24 67 175 132 94 70 179 193 118 189 41 29 185 136 48 77 56 138 107 75 132 40 52 102 127 46 80 22 70 134 119 122 197 167 96 123 54 81 139 140 101 171 46 15 177 182 115 111 179 101 129 71 128 122 35 38 32 161 197 193 194 94 141 155 1 165 28 76 92 53 89 49 133 89 124 81 168 100 185 105 36 150 199 172 58 102 68 189 194 24 165 54 50 126 117 190 116 22 68 170 4 69 38 174 188 78 27 159 17 28 118 14 172 74 30 46 173 142 104 172 106 131 43 19 190 149 106 189 24 14 57 90 139 195 113 184 132 109 174 160 63 184 51 36 123 136 78 81 72 29 111 51 183 63 41 45 93 141 199 161 9 37 34 104 96 76 173 180 61 56 174 111 77 41 126 161 22 160 27 95 174 150 59 141 105 138 86 83 152 179 60 161 85 117 89 167 168 198 194 143 131 74 123 86 22 87 81 148 185 122 40 186 24 61 181 156 156 0 147 161 65 164 169 103 178 57 122 171 75 56 100 178 101 117 135 49 182 149 112 180 48 175 95 195 187 53 18 63 161 152 36 168 187 123 136 164 16 62 111 116 192 166 198 164 71 106 36 63 102 122 76 195 174 78 95 56 35 163 15 160 183 3 61 100 64 79 118 83 56 131 66 92 194 26 163 105 74 194 141 104 96 159 61 178 109 89 140 107 22 46 194 107 190 64 32 123 128 53 82 45 171 1 146 117 29 42 61 48 179 118 139 145 199 156 165 0 116 86 47 67 86 50 199 29 119 50 178 59 148 58 125 199 134 91 45 43 76 187 187
2446.719154 meters