file sh-17.jpg
nails 200
imagesize 200
populationsize 100
elite 20
genomesize 2000
mutationcount 0.001000
mutation 0.010000
minchunk 0.200000
maxchunk 0.500000
iterations 10000
stableiterations 10
goodgenerations 100
burst 0.000100
threshold 0.030000
ring_diameter 220.000000
thread_diameter 0.080000
save_every -1
history_step 100
---
2000 0.080000 220.000000  70 75 82 67 41 188 146 104 194 113 132 68 72 64 120 3 34 196 71 52 76 170 12 4 157 108 60 190 82 88 83 96 186 95 25 186 152 97 104 88 83 3 177 130 17 93 72 77 49 92 120 196 166 92 103 162 14 28 117 56 33 11 77 122 14 1 103 21 117 164 180 70 101 39 20 199 30 158 194 116 174 146 117 88 64 110 3 77 105 185 180 191 61 122 82 166 16 122 95 127 25 171 76 57 26 195 90 80 113 174 4 158 163 12 76 56 95 137 49 17 162 126 24 38 33 30 183 152 82 34 0 77 163 3 141 108 16 161 119 68 173 86 135 78 47 62 67 75 127 120 86 168 8 55 33 25 52 35 196 17 88 83 129 193 196 108 7 162 80 137 1 122 60 118 70 193 110 18 0 172 111 62 112 3 171 15 37 166 84 63 96 140 122 177 79 75 131 159 136 70 112 59 115 62 106 89 40 162 198 59 120 74 105 62 59 92 132 125 37 10 76 158 186 106 8 91 132 100 65 169 146 197 17 183 118 65 103 193 30 182 88 91 179 102 189 14 25 128 46 166 23 133 154 175 11 105 141 116 34 18 39 54 58 122 125 0 161 9 6 79 123 13 163 7 164 150 176 99 175 162 77 121 155 191 196 80 150 191 29 184 106 185 156 146 144 110 69 114 20 16 106 104 92 180 175 72 174 155 185 33 93 27 173 119 26 174 97 83 178 18 40 138 12 2 54 89 94 184 30 195 74 150 70 159 199 104 191 117 182 91 164 104 28 175 192 118 74 181 29 120 36 44 79 172 177 27 76 135 112 17 25 22 175 87 47 28 93 180 159 12 97 28 6 163 122 194 38 103 15 11 79 146 181 14 160 191 101 141 159 167 175 159 140 97 187 101 63 34 54 77 198 19 82 55 196 9 74 70 149 79 9 71 19 102 139 146 118 148 167 189 170 175 2 82 130 131 66 118 121 193 137 78 199 115 130 195 23 97 72 62 67 12 84 54 100 42 186 0 26 185 184 99 177 185 96 183 164 144 106 61 13 162 19 161 139 125 80 130 26 25 175 148 134 152 26 172 157 141 77 88 137 143 124 58 114 106 72 98 186 31 181 197 70 107 29 177 196 0 31 184 79 27 174 89 164 99 178 162 171 11 118 62 11 58 119 60 30 4 67 72 102 193 49 180 88 133 141 99 191 174 10 168 93 40 199 169 195 26 2 121 39 93 117 122 74 161 14 53 195 69 126 61 168 21 181 86 5 146 122 57 69 102 58 199 107 54 165 14 6 144 114 194 125 21 194 103 0 38 44 186 173 77 156 129 78 1 40 17 105 71 42 50 77 117 138 114 56 122 118 190 166 50 46 100 38 25 170 7 89 177 22 39 76 0 6 32 182 158 7 110 191 46 22 95 124 81 135 73 130 146 116 58 98 185 22 173 83 154 172 83 19 123 59 193 33 39 169 190 29 20 174 169 20 27 122 21 33 60 123 26 83 132 153 10 88 171 22 170 162 184 145 109 190 61 177 15 0 158 9 188 22 168 9 12 17 13 120 103 190 30 44 82 15 194 32 12 30 198 163 18 114 62 124 149 0 141 137 159 154 161 17 25 11 61 118 180 90 137 145 123 108 19 78 173 177 11 63 119 61 68 131 76 22 165 84 136 85 122 63 36 194 27 98 187 197 75 12 62 38 61 101 180 155 112 195 161 18 82 27 30 185 104 62 91 123 63 41 12 20 88 86 133 87 177 19 112 78 160 7 47 97 27 88 132 99 66 124 59 196 104 159 9 36 62 97 146 120 22 100 179 84 107 187 180 19 189 122 17 44 40 122 59 9 78 46 33 47 98 176 74 96 104 96 87 173 161 11 186 33 0 108 94 133 117 25 192 28 32 185 50 91 112 125 118 156 12 182 31 132 69 7 40 68 130 65 129 28 122 120 130 138 96 91 176 17 72 107 136 122 154 180 67 117 144 70 8 172 95 181 18 91 180 22 88 72 183 95 12 78 85 79 191 70 61 107 186 105 109 133 64 112 61 81 52 110 192 111 118 130 64 1 129 62 184 11 159 149 137 103 96 117 33 191 28 41 58 80 0 134 189 33 50 111 78 178 25 176 78 72 132 138 192 156 100 91 175 19 113 63 110 79 122 144 113 75 64 132 113 20 167 146 157 181 154 130 197 26 99 188 79 125 72 1 62 121 84 53 49 96 68 122 191 156 189 154 146 176 46 91 78 159 102 182 21 9 72 63 132 105 79 0 20 40 75 11 97 133 120 78 127 122 64 38 159 72 171 194 130 28 133 74 108 144 116 165 78 97 175 88 126 193 142 108 17 95 187 161 15 26 94 182 73 124 194 134 79 152 190 107 160 16 103 185 8 163 78 62 102 141 120 72 193 27 183 180 156 160 89 176 193 77 2 165 83 199 120 182 153 58 167 154 183 0 137 108 135 79 50 102 164 22 126 131 71 134 77 158 15 168 57 38 40 22 167 23 100 195 48 75 30 50 77 128 75 135 91 183 24 42 178 77 14 40 72 184 157 170 115 158 6 36 65 132 196 165 88 52 104 171 70 139 11 59 126 142 125 23 35 17 188 33 30 50 83 113 122 33 2 32 196 156 178 27 46 80 135 90 56 88 138 98 45 59 75 160 12 31 8 89 121 146 154 173 106 70 124 35 199 178 100 190 0 159 10 36 92 181 73 52 67 111 14 58 25 173 84 59 69 118 27 130 90 124 111 143 6 25 30 38 20 110 54 71 44 100 109 157 10 93 129 69 174 88 79 113 139 84 109 17 66 87 131 82 109 61 125 120 25 125 106 50 56 60 113 64 83 44 183 15 162 39 24 95 170 181 93 44 107 64 131 73 134 44 31 189 25 168 147 117 120 16 70 75 103 116 61 70 132 101 16 163 146 152 136 81 177 94 138 180 83 174 82 155 153 178 29 45 131 161 82 136 104 195 117 149 132 67 60 110 11 74 78 21 197 34 133 118 24 168 134 36 4 196 38 68 171 17 164 137 83 41 182 93 20 162 89 45 107 145 112 117 71 104 83 75 56 93 64 3 31 198 171 5 36 167 0 21 186 155 194 172 167 35 30 97 190 73 72 10 33 190 161 178 13 38 32 184 81 132 74 50 60 95 141 146 139 89 131 69 72 135 0 145 125 195 133 130 151 11 195 129 61 68 146 76 23 120 133 0 157 6 112 60 107 117 197 48 77 17 167 90 165 6 181 177 80 97 44 33 194 54 104 64 193 44 66 132 4 167 112 122 25 188 183 6 53 183 188 156 197 33 188 115 151 175 194 8 36 19 110 179 88 124 61 88 34 193 182 76 20 74 175 70 113 49 189 99 137 82 124 173 171 74 135 111 170 126 153 174 84 23 88 6 11 162 148 154 72 89 137 97 96 11 94 18 162 193 81 1 75 171 179 147 141 113 197 49 32 117 70 121 139 159 13 137 27 113 195 171 24 85 43 184 95 133 117 9 76 174 17 121 75 28 38 88 83 186 79 128 150 119 144 125 57 33 187 154 114 109 103 180 100 136 34 192 33 97 40 50 94 187 19 163 15 179 93 31 123 67 114 19 41 44 140 104 126 147 161 87 180 135 88 39 99 71 132 198 129 144 139 98 30 186 104 94 38 7 148 122 155 188 194 16 39 67 154 147 165 133 175 9 163 39 20 41 91 54 34 195 156 76 93 32 118 141 43 23 179 30 35 2 38 91 45 25 174 134 32 40 56 59 188 194 6 83 196 84 6 114 78 136 97 186 180 199 28 176 117 62 37 63 40 86 59 104 79 173 88 120 98 142 1 88 18 89 175 26 180 160 10 163 196 0 91 60 128 62 67 129 142 104 15 29 46 56 61 130 169 93 138 133 84 124 21 166 11 140 110 76 126 122 26 114 162 75 62 56 53 175 182 113 59 121 58 125 101 179 89 59 96 65 3 38 33 30 8 109 70 110 83 122 22 174 87 39 180 30 0 166 22 28 39 17 159 144 3 168 60 169 6 86 21 165 145 141 91 12 17 160 193 18 191 158 133 68 110 142 73 114 61 94 171 114 60 121 68 175 54 59 95 119 65 70 45 182 89 110 97 130 186 94 78 155 151 188 32 183 19 171 85 182 54 114 180 9 0 162 73 151 182 95 30 188 181 91 84 169 13 44 36 60 125 70 68 153 187 31 86 175 170 20 87 41 129 142 106 86 91 64 35 0 50 97 185 122 125 87 6 160 3 158 174 123 27 175 75 118 22 65 4 189 30 10 73 80 103 49 111 19 166 169 92 61 39 14 121 160 15 31 4 171 156 142 109 92 58 37 9 150 141 103 183 156 71 84 40 60 0 138 162 194 181 96 45 26 4 196 114 110 56 6 41 121 91 133 156 173 51 112 117 59 76 152 69 109 79 137 92 182 97 132 26 43 25 93 34 194 24 4 92 183 104 73 171 16 114 5 67 57 114 70 172 147 115 143 139 156 111 145 113 192 78 177 154 125 168 116 60 75
267.919554 meters