file sh-104.jpg
nails 200
imagesize 200
populationsize 100
elite 20
genomesize 2000
mutationcount 0.001000
mutation 0.010000
minchunk 0.200000
maxchunk 0.500000
iterations 10000
stableiterations 10
goodgenerations 100
burst 0.000100
threshold 0.030000
ring_diameter 220.000000
thread_diameter 0.080000
save_every -1
history_step 100
---
2000 0.080000 220.000000  165 189 110 151 14 172 170 25 83 75 67 72 54 196 188 116 185 194 16 99 134 160 97 75 90 162 167 23 42 19 114 99 180 105 174 106 54 56 29 172 167 20 28 51 30 134 95 137 181 165 21 75 182 153 120 8 97 9 129 93 174 28 0 117 57 185 69 78 113 57 19 165 5 77 139 118 78 41 139 94 78 144 130 100 143 92 50 46 169 95 170 162 22 193 168 158 143 106 145 89 1 4 169 28 42 74 17 11 175 10 160 71 56 63 6 160 123 88 85 140 164 18 180 76 4 167 148 172 170 1 190 52 65 115 59 18 128 199 32 185 113 33 103 182 112 197 170 7 90 140 117 187 69 172 107 62 67 56 22 7 149 106 191 6 10 56 122 152 179 97 134 162 14 196 189 13 138 133 100 130 73 121 0 185 28 88 140 159 125 27 90 80 140 106 175 87 191 51 22 83 107 171 145 86 51 175 97 111 177 51 17 175 31 182 101 167 1 159 131 81 139 76 54 27 169 188 119 76 18 72 179 164 22 132 7 165 18 89 60 2 183 112 117 171 149 168 170 102 189 116 134 70 34 180 182 26 181 113 104 32 2 131 71 126 3 66 123 140 87 130 82 22 181 135 128 33 180 172 5 128 71 39 14 167 196 67 112 117 150 174 30 133 31 194 37 56 102 187 64 37 9 4 9 4 20 96 91 19 28 33 197 79 41 12 36 111 186 77 100 59 50 99 183 188 180 55 184 104 65 3 115 60 28 18 78 69 142 89 128 44 89 4 59 179 193 33 30 177 18 24 163 188 33 184 30 9 163 82 114 22 117 25 9 77 17 185 109 70 174 26 190 12 102 52 96 25 119 148 161 195 22 163 182 134 142 86 83 145 97 57 182 188 166 15 105 63 107 20 198 9 92 106 73 4 71 43 15 32 105 144 87 113 69 0 196 74 182 100 47 146 93 139 132 86 144 140 77 130 138 88 26 126 84 3 0 124 145 109 192 54 62 1 86 16 135 36 67 46 68 128 159 85 88 50 69 100 181 76 129 78 23 17 166 7 93 161 9 180 30 102 128 156 84 138 46 40 69 41 20 82 120 125 77 137 111 179 12 72 94 144 88 118 144 154 190 71 2 27 172 30 195 116 71 129 1 74 90 20 77 24 92 46 16 163 148 109 196 4 126 105 129 173 84 96 91 49 97 93 21 74 38 135 96 106 185 34 17 108 146 91 48 22 123 78 124 53 172 95 57 105 191 33 196 135 75 18 115 138 50 139 74 11 18 107 131 120 27 177 167 24 85 78 185 156 120 90 59 197 137 88 125 149 156 190 35 111 190 119 127 0 191 0 153 114 67 95 70 81 197 61 88 3 87 135 81 52 85 49 73 104 188 120 5 46 88 83 46 167 8 133 32 134 111 0 141 43 96 149 131 105 190 8 43 88 130 74 80 59 32 135 109 133 139 54 113 153 146 122 89 166 18 162 167 150 105 18 196 111 62 4 12 161 128 31 108 20 53 100 49 138 196 160 91 52 186 100 126 109 194 69 45 61 98 57 168 143 85 158 147 106 193 123 96 30 183 34 46 50 44 12 146 39 135 35 70 138 86 80 22 170 15 189 167 162 17 183 48 169 91 147 173 27 52 25 55 80 97 132 81 47 35 185 33 134 156 175 198 114 195 80 120 112 117 62 195 21 130 160 95 145 166 43 128 88 175 26 178 162 3 128 34 187 78 47 170 26 180 24 181 102 186 16 126 8 98 28 171 115 64 101 186 105 87 55 194 163 196 124 143 89 112 133 77 104 189 124 93 147 141 135 33 101 109 19 29 126 28 16 167 28 120 58 91 40 194 26 195 108 148 167 180 96 117 196 177 24 47 64 43 84 15 68 33 131 166 25 28 32 137 71 32 128 106 139 92 22 182 14 46 56 179 1 60 184 152 172 68 124 139 35 54 103 66 34 48 12 82 134 78 138 144 156 151 124 199 38 146 111 86 15 11 136 99 27 170 21 183 179 10 94 110 68 114 133 27 166 11 193 107 189 106 190 103 15 171 94 30 173 68 12 163 199 8 68 191 194 161 154 175 180 188 77 96 177 156 160 2 129 34 111 19 175 7 151 116 94 146 180 175 170 18 50 96 156 191 62 125 120 1 39 166 21 56 110 194 72 132 71 197 114 106 78 44 75 16 170 179 109 97 177 26 91 95 26 188 160 163 18 92 116 198 122 117 79 196 0 160 175 85 144 91 123 191 23 181 157 173 161 5 167 93 160 197 36 63 83 12 173 92 136 33 50 30 55 50 48 136 153 178 95 9 160 69 39 54 115 121 76 48 137 97 164 167 199 161 90 116 3 127 112 34 63 139 102 79 66 170 5 88 145 12 135 67 119 71 77 23 79 20 18 91 64 109 73 1 2 178 128 130 71 134 154 177 32 61 78 132 8 40 0 144 13 8 169 16 16 152 109 104 134 150 125 122 79 130 11 97 106 56 60 112 114 145 163 98 140 91 162 93 127 109 104 181 33 43 25 98 162 167 172 46 38 196 115 184 111 80 75 138 136 80 118 83 128 2 87 65 44 82 147 176 108 54 59 37 115 66 114 56 177 65 136 78 139 160 138 199 121 138 184 148 41 33 67 75 80 115 62 196 21 77 185 141 99 67 181 103 69 36 191 165 15 187 0 82 128 72 113 196 0 125 115 182 62 69 174 15 101 181 75 52 30 62 121 6 184 107 71 11 70 62 85 145 117 185 3 63 111 148 136 156 178 110 103 183 57 38 117 199 80 9 0 22 36 62 67 12 96 91 59 101 32 49 87 128 10 20 91 55 83 130 85 128 133 40 74 75 125 144 168 22 25 174 20 172 185 22 10 183 26 167 170 147 84 0 196 199 60 100 121 106 96 114 194 39 84 146 172 181 99 106 150 123 74 47 83 4 0 173 96 27 122 94 71 122 1 126 77 60 70 75 105 141 85 15 148 97 144 10 35 136 86 124 174 50 44 76 114 21 116 24 165 96 145 104 58 68 107 173 106 112 1 38 193 175 71 113 147 165 26 22 45 18 6 128 116 2 165 25 133 138 47 175 63 190 160 184 1 64 59 189 57 121 88 165 42 33 130 156 183 154 130 154 178 32 65 124 3 164 156 189 37 199 160 118 166 26 187 104 100 168 19 95 10 81 113 146 89 107 146 102 96 75 88 2 197 123 170 149 162 168 27 167 144 154 179 32 28 128 97 103 189 82 11 170 146 85 2 118 34 195 110 193 196 41 80 91 96 174 165 17 4 36 41 0 7 47 98 144 115 100 179 95 129 115 185 157 148 100 145 94 143 162 23 189 118 55 38 4 160 170 28 45 174 49 136 79 141 115 132 70 115 17 188 64 96 69 70 120 98 68 130 118 3 22 17 7 76 187 31 130 177 11 54 112 143 95 54 66 41 44 71 93 28 191 67 11 143 83 100 146 103 59 29 102 80 88 133 194 118 1 87 62 96 138 94 170 118 77 75 20 18 117 65 35 60 133 163 21 33 179 30 1 127 30 193 41 90 130 173 69 88 83 144 114 2 86 8 79 25 34 107 188 75 39 188 186 114 71 124 23 163 184 166 44 58 182 111 193 56 18 70 68 95 8 45 25 164 142 67 170 23 50 78 94 165 40 115 79 92 128 76 140 79 132 75 3 69 13 169 47 15 76 134 148 123 155 182 99 11 39 80 133 125 30 101 178 94 147 140 100 178 97 58 34 61 122 8 164 20 163 125 64 67 59 96 129 4 60 185 75 22 52 68 1 144 159 89 178 57 107 138 34 64 94 83 199 118 56 24 164 146 97 104 34 190 36 33 65 189 170 29 185 114 94 20 25 2 38 3 85 22 64 142 96 104 101 180 97 142 84 14 102 16 4 39 20 132 95 175 27 193 162 157 188 32 125 109 106 14 104 78 74 134 85 156 60 196 122 72 97 73 179 26 22 17 88 60 181 32 107 149 99 177 95 25 24 166 1 63 171 64 82 49 62 118 87 143 131 46 170 81 190 29 98 127 162 189 63 98 125 130 6 10 67 171 12 17 0 118 71 98 142 125 79 138 69 197 26 124 197 28 168 18 199 154 106 113 83 112 117 101 31 104 91 129 75 70 48 31 176 5 65 169 103 91 156 150 165 175 93 100 183 189 157 159 136 71 75 122 26 4 31 44 175 25 125 3 130 30 175 149 114 183 8 38 47 95 173 93 26 185 171 1 162 171 103 185 158 134 29 92 6 156 117 188 2 35 9 96 66 121 152 8 191 102 13 163 11 174 158 190 110 84 141 8 96 147 127 77 165 12 129 156 193 35 19 90 5 159 87 138 154 146 130 8 92 73 18 131 19 163 73 100 147 4 12 17 161 135 40 30 199 165 23 11 93 112 139 8 15 149 109 88 160 12 47 27 121 28 180 139 181 187 75 36 131 8 33 105 68 5 160 162 142 83 1 157 85 82 23 188 62 154 64 130 75 128 102 185 23 23 175 182 18 77 43 72 111
266.914816 meters