# nose contour! and fine
file sh-110.jpg
nails 200
imagesize 150
populationsize 100
elite 20
genomesize 3000
mutationcount 0.001000
mutation 0.010000
minchunk 0.200000
maxchunk 0.500000
iterations 10000
stableiterations 10
goodgenerations 100
burst 0.000100
threshold 0.030000
ring_diameter 220.000000
thread_diameter 0.040000
save_every -1
history_step 100
---
3000 0.040000 220.000000  160 3 2 48 101 52 85 19 173 63 24 161 182 98 144 135 169 155 159 181 172 93 152 125 36 39 191 117 168 36 123 107 83 52 93 89 81 78 72 113 192 174 87 48 69 188 110 77 139 164 18 62 172 151 93 97 139 48 185 192 65 107 148 133 156 199 0 3 174 123 0 126 51 170 85 40 78 45 82 43 66 181 193 199 44 36 26 166 198 158 195 42 88 40 127 122 97 59 6 0 141 199 63 95 58 111 116 28 70 116 120 28 0 195 0 195 57 182 72 110 98 172 183 17 24 146 32 21 162 23 65 49 79 39 155 129 41 41 134 89 148 128 74 188 182 18 32 57 72 18 84 132 81 192 22 15 184 156 195 70 40 57 45 50 142 74 141 176 54 180 189 78 82 78 128 67 192 160 194 115 151 159 117 28 22 78 68 21 0 7 22 28 115 145 170 67 25 2 134 37 186 109 75 126 27 112 169 43 174 133 71 118 199 17 60 81 16 60 197 130 81 128 37 55 149 57 28 13 19 32 58 161 85 78 191 64 96 187 181 46 42 197 142 85 16 27 118 157 4 2 106 96 114 89 146 108 183 1 177 127 42 62 43 39 36 104 35 56 5 172 115 69 21 75 54 192 25 89 102 140 155 145 106 197 92 164 160 189 190 39 189 186 103 56 194 113 153 133 194 111 82 187 107 95 123 68 125 138 170 111 109 148 165 181 169 192 86 143 178 169 50 167 60 79 52 168 28 118 107 74 37 31 46 88 137 116 195 175 44 45 177 172 156 3 50 47 1 25 45 198 64 36 174 0 196 3 115 33 134 83 126 186 38 41 38 59 54 126 155 193 113 3 152 133 53 89 81 78 73 129 89 172 176 102 141 184 118 131 89 133 141 110 185 2 164 155 101 148 185 97 52 174 146 153 117 62 194 0 116 187 50 55 20 83 39 31 8 162 194 71 115 181 44 55 102 108 181 37 119 193 79 72 96 140 89 8 165 29 120 37 67 180 23 110 104 138 82 98 49 72 112 119 40 193 125 72 92 139 161 169 68 102 155 115 196 82 83 141 155 190 52 115 142 78 192 194 16 46 80 195 58 165 43 197 153 186 111 140 64 118 74 35 65 111 74 150 178 172 85 128 168 50 186 191 145 173 24 112 71 37 180 187 151 108 153 58 162 3 166 161 169 146 88 58 113 122 68 8 171 185 109 76 125 22 121 90 140 48 89 81 195 145 141 96 50 16 174 97 137 43 133 120 81 72 177 105 144 81 135 154 118 54 174 65 15 74 43 55 179 99 183 97 179 153 192 132 79 34 126 156 1 156 174 102 175 86 39 54 178 95 143 79 123 31 59 72 127 81 193 68 170 36 187 58 145 143 164 93 72 33 121 92 53 174 3 118 114 152 161 167 116 80 117 105 111 38 52 133 101 147 187 75 95 101 181 175 145 103 162 30 164 115 12 174 93 142 22 74 31 48 144 192 105 155 4 4 53 130 153 137 131 109 78 130 190 112 119 89 143 189 186 47 55 52 172 135 155 194 40 170 44 89 6 178 90 71 176 103 36 129 196 61 17 40 81 39 73 16 177 147 26 111 61 106 102 93 173 45 41 133 0 111 118 24 11 186 123 50 89 147 193 80 49 164 61 88 72 83 140 0 3 125 43 95 72 121 60 186 28 125 32 22 37 84 45 84 17 132 164 0 2 158 6 25 162 169 159 175 122 140 70 22 115 78 39 67 41 85 140 169 29 34 43 170 189 144 93 116 92 33 99 117 189 64 177 8 169 97 175 142 83 59 183 96 12 184 47 39 34 128 40 57 125 31 10 163 24 111 190 131 34 130 160 22 192 155 111 131 1 143 160 43 87 127 172 145 154 142 139 133 42 83 125 196 19 37 187 81 170 69 128 33 164 118 76 136 72 152 35 50 63 166 148 55 132 161 172 164 65 109 169 16 39 70 42 50 136 131 49 86 43 167 195 83 32 149 170 25 115 24 182 95 155 6 184 28 16 191 111 91 59 195 85 144 186 125 102 50 83 170 37 178 38 134 43 19 25 91 119 68 62 163 134 0 165 60 111 79 50 39 68 129 161 51 91 148 106 132 83 22 159 177 96 58 125 197 43 67 87 132 159 24 125 77 193 128 122 32 66 121 30 50 61 68 137 108 25 160 153 89 111 75 137 48 93 132 116 82 38 124 85 95 85 43 136 161 157 0 138 70 119 41 194 24 165 97 148 50 87 155 7 65 103 177 146 50 121 71 187 70 113 29 41 84 85 138 165 155 114 187 74 117 34 120 183 111 184 122 1 163 78 133 50 45 28 171 32 25 45 54 177 164 62 55 146 104 52 71 123 2 169 88 191 11 96 89 36 21 158 0 119 121 76 135 93 45 73 189 17 181 110 155 180 152 56 32 60 96 133 142 72 174 103 63 68 35 71 21 124 96 119 194 84 136 12 14 96 173 91 142 101 87 171 41 89 59 55 125 177 118 151 176 104 142 92 145 93 140 25 126 155 97 55 180 76 49 108 142 99 59 113 144 46 22 185 182 58 185 108 33 71 78 125 128 195 166 35 133 169 69 22 87 115 142 187 171 84 109 154 5 19 61 69 117 139 132 35 22 64 101 128 131 187 69 83 17 80 50 45 41 92 67 96 172 155 171 52 62 104 0 157 2 122 79 124 37 180 66 179 3 156 181 153 176 105 179 165 96 72 76 191 114 110 184 57 101 188 177 75 45 142 29 161 52 20 17 72 64 172 31 128 77 43 69 58 135 92 173 2 120 68 195 124 35 172 181 192 39 189 181 140 97 45 135 150 173 94 132 155 157 14 16 70 170 184 109 78 72 78 168 189 109 90 46 182 121 3 28 50 85 101 175 35 177 13 97 82 127 78 193 153 122 33 120 140 103 1 14 67 24 13 118 189 184 172 25 122 143 87 72 64 59 155 3 122 116 63 40 62 190 171 153 170 1 160 17 35 31 43 106 22 166 98 185 59 122 36 34 82 27 71 55 17 15 32 121 37 72 111 22 29 67 100 57 194 43 138 83 143 88 148 179 107 112 61 171 43 161 42 50 32 82 44 173 78 20 109 63 15 22 189 112 60 45 89 137 44 197 182 37 184 68 24 54 50 55 161 0 179 45 91 36 22 28 36 172 44 174 71 45 44 171 16 77 136 73 128 154 57 83 169 147 120 73 72 66 106 142 161 181 97 133 11 17 43 93 173 34 69 122 132 47 183 58 28 199 185 113 96 89 58 130 67 97 113 129 83 28 68 75 129 32 163 168 1 132 0 192 79 71 125 106 137 141 89 161 155 197 116 47 185 69 119 122 125 37 122 119 62 24 87 140 81 54 107 99 184 102 187 57 114 45 174 179 147 103 190 114 26 3 116 140 2 116 188 72 175 181 27 160 164 3 153 146 4 25 61 45 92 50 149 115 84 131 48 82 133 68 78 132 57 164 24 110 190 76 41 21 194 117 157 121 48 81 136 170 106 177 155 147 131 78 81 22 178 106 128 93 136 90 173 83 122 153 97 176 197 197 160 155 145 178 73 32 28 113 119 150 133 63 168 30 92 141 95 181 112 81 32 77 52 32 97 182 153 105 35 13 169 91 42 77 134 62 68 185 144 130 74 177 155 82 194 72 25 59 133 91 172 169 67 83 46 92 132 80 93 50 81 45 59 55 180 65 195 193 104 113 165 50 22 28 177 104 33 13 31 83 135 78 190 99 148 186 155 2 171 144 25 68 183 16 160 154 127 88 47 122 131 102 114 29 195 0 189 182 104 178 172 147 109 82 73 27 117 128 145 97 146 93 56 147 33 80 138 187 125 25 66 29 117 96 93 25 77 133 147 92 28 22 177 175 94 141 67 108 103 175 2 109 24 57 155 116 141 182 99 102 177 50 41 128 151 74 166 60 94 139 57 178 94 146 194 158 22 84 176 55 194 126 93 22 33 89 123 21 166 35 120 67 111 181 58 39 32 86 146 189 153 167 81 169 51 141 167 20 123 157 142 164 2 160 199 130 39 36 167 68 118 148 100 93 178 172 167 137 140 84 164 16 19 187 182 23 108 148 31 24 168 199 181 162 61 187 172 178 45 78 81 92 8 7 157 172 92 88 142 89 128 177 46 180 157 154 102 148 160 19 112 119 30 116 59 107 184 58 26 64 19 127 99 189 60 185 69 24 71 141 86 142 105 50 98 62 130 28 114 55 193 57 182 188 39 74 54 83 186 182 67 72 78 35 54 28 31 73 55 151 177 78 53 144 180 56 91 146 122 19 113 65 100 155 183 177 55 52 117 69 96 56 25 112 142 100 184 181 148 108 73 180 127 71 186 143 168 68 187 181 93 65 16 31 119 141 82 106 192 0 189 70 188 181 1 170 76 33 23 77 192 41 182 59 110 92 54 90 106 140 121 155 108 61 165 186 70 19 53 96 101 141 70 33 95 175 143 136 132 38 189 124 75 122 197 28 100 190 120 171 194 85 114 192 76 46 70 25 159 108 193 67 131 95 149 191 195 107 180 100 107 77 101 122 128 123 91 44 177 19 158 121 148 128 134 3 161 125 142 94 47 41 131 2 168 92 107 116 32 65 122 129 79 41 13 157 119 181 142 110 195 43 172 180 96 134 78 108 95 174 2 176 106 195 108 186 107 166 66 181 145 151 112 69 184 60 22 59 129 81 139 61 65 177 44 107 62 16 33 101 189 1 180 95 86 191 39 131 157 183 71 110 161 169 71 114 148 156 0 166 174 94 180 111 152 124 87 87 145 184 97 50 129 174 96 146 164 113 76 32 101 177 2 156 101 138 95 93 114 122 72 15 160 9 28 81 44 136 45 96 105 71 57 112 192 123 37 38 70 139 85 119 3 158 17 48 147 195 191 75 43 50 15 78 121 153 195 186 58 78 103 143 85 171 142 196 89 34 167 88 118 86 34 65 89 55 101 66 27 69 59 164 116 89 159 23 73 99 169 100 187 104 76 51 117 20 163 153 68 92 37 73 57 5 155 174 33 43 182 106 86 171 90 139 145 155 0 124 121 132 101 118 1 179 45 103 139 132 101 62 28 110 22 28 96 186 100 90 198 171 112 153 2 185 150 107 61 69 19 22 113 89 47 182 182 36 151 35 54 68 108 187 3 159 18 133 47 181 177 149 174 91 197 29 96 128 3 154 4 160 131 51 71 171 194 122 88 144 125 89 43 45 175 70 169 142 95 85 122 128 54 160 50 3 157 132 98 45 105 2 119 2 167 35 31 163 3 140 72 78 140 117 78 18 180 175 181 99 170 22 68 97 128 122 89 39 37 182 184 119 197 165 32 150 2 0 114 81 169 80 34 70 125 82 118 198 127 50 21 39 31 40 117 187 198 24 77 63 97 115 76 111 140 108 132 165 142 87 121 198 142 138 64 178 141 68 40 82 126 147 123 3 23 66 165 1 117 151 122 160 142 122 148 32 52 98 93 131 63 128 90 194 68 72 90 145 132 89 93 9 164 26 160 11 24 126 91 156 9 92 140 128 159 43 79 86 133 107 181 57 185 110 103 148 189 183 46 37 177 39 132 189 62 189 50 111 189 49 122 129 45 107 196 161 60 154 162 17 159 2 107 139 131 60 134 40 93 105 115 107 63 137 86 81 78 83 115 70 59 163 107 80 37 63 96 175 85 107 191 102 54 50 191 190 73 28 22 79 120 108 36 60 164 197 71 75 119 78 72 107 68 186 145 52 59 56 183 60 105 67 22 28 90 75 34 152 161 14 19 55 29 163 149 182 66 38 153 104 74 24 72 132 143 182 96 75 128 32 80 142 111 119 153 175 169 37 34 43 173 64 39 31 118 192 28 144 162 26 88 177 0 170 84 113 189 127 159 20 75 78 50 18 166 97 119 73 104 131 36 124 44 176 53 192 169 82 144 181 154 179 190 115 31 61 116 152 183 121 28 42 196 117 183 22 161 190 74 115 174 157 128 122 0 187 99 172 72 105 181 67 194 83 192 103 119 45 81 55 50 67 167 161 166 61 55 61 163 133 79 39 31 61 133 54 173 114 64 57 117 37 68 185 100 79 100 189 158 10 22 28 34 104 85 60 188 111 195 192 66 132 110 62 165 192 149 54 85 123 73 106 196 72 101 174 36 171 21 3 130 80 62 97 57 98 173 155 157 151 120 93 105 109 16 82 62 21 172 159 19 81 72 114 79 194 127 150 125 156 189 150 171 37 185 101 0 153 155 182 78 154 122 38 79 92 43 91 57 183 115 30 50 161 197 157 15 118 150 56 16 121 2 48 80 54 72 32 45 86 111 45 66 137 71 189 51 68 111 119 50 188 115 138 61 21 78 125 35 45 22 73 44 90 155 3 194 185 124 84 111 70 93 95 54 4 156 196 189 38 120 181 46 68 116 26 28 146 181 96 148 119 171 125 159 172 120 123 1 159 190 39 96 179 108 109 144 0 160 42 27 122 156 135 86 170 0 195 191 83 137 172 14 19 161 199 0 199 117 24 73 18 168 79 82 143 197 62 105 85 100 171 93 198 183 36 179 56 111 28 119 190 101 45 28 55 104 194 169 178 55 117 148 3 165 15 19 83 43 19 102 146 122 28 82 53 89 82 107 22 55 183 148 174 24 160 198 113 149 164 189 173 52 175 2 161 28 31 28 101 176 180 98 183 123 49 84 129 35 128 39 72 44 176 128 154 107 80 121 145 179 77 54 76 30 58 109 73 115 165 90 142 119 71 108 120 3 57 18 58 182 13 18
401.021398 meters