file sh-111.jpg
nails 200
imagesize 200
populationsize 100
elite 20
genomesize 3000
mutationcount 0.001000
mutation 0.010000
minchunk 0.200000
maxchunk 0.500000
iterations 10000
stableiterations 10
goodgenerations 100
burst 0.000100
threshold 0.030000
ring_diameter 220.000000
thread_diameter 0.040000
save_every -1
history_step 100
---
3000 0.040000 220.000000  157 136 87 132 78 89 143 139 69 91 137 79 134 133 66 116 152 146 192 76 53 176 88 108 178 56 127 146 55 110 136 118 65 39 81 128 41 36 170 69 96 128 88 55 104 178 165 147 33 25 54 192 157 7 93 152 128 92 99 66 109 187 187 17 119 148 140 166 93 23 159 125 112 163 190 101 131 105 77 137 90 177 55 180 35 124 142 173 112 70 113 94 56 5 55 81 34 113 65 149 192 113 187 124 32 7 7 7 8 90 117 154 198 92 44 172 159 189 102 56 62 166 138 96 146 138 133 39 130 123 154 1 1 47 184 149 125 91 53 74 124 185 11 19 104 76 20 159 185 100 50 89 66 141 143 86 19 183 96 142 121 33 25 7 162 199 144 96 143 166 23 179 106 195 115 104 195 140 76 186 38 177 149 126 24 162 130 138 133 96 86 37 50 160 132 159 6 25 29 79 42 24 38 40 192 112 60 31 162 0 133 135 195 157 194 141 99 189 63 130 129 89 44 33 146 166 67 47 86 92 139 172 119 49 79 139 165 62 67 36 25 90 96 132 41 77 26 166 3 141 157 116 113 94 144 170 92 27 125 77 58 112 110 151 121 120 112 191 114 149 141 130 133 65 199 116 181 97 183 80 168 169 32 100 71 122 37 89 141 113 52 92 159 2 112 49 127 180 170 12 37 132 186 110 84 117 2 144 48 1 156 180 188 167 63 165 17 182 161 130 34 120 88 93 134 159 84 118 153 2 178 95 176 56 23 78 44 19 63 173 64 59 20 116 156 2 174 25 80 169 180 46 178 162 60 100 186 70 21 163 31 149 145 85 64 119 29 182 170 175 180 198 130 153 112 117 131 50 36 152 175 141 70 194 111 190 171 121 66 166 92 129 42 26 175 104 149 34 19 161 104 177 96 61 188 183 108 117 122 117 97 104 157 14 70 77 103 138 196 42 159 112 130 125 135 81 109 154 4 155 165 16 72 117 69 127 166 98 99 49 62 70 87 121 154 194 191 106 64 139 1 180 154 0 13 22 125 79 168 62 198 166 36 174 175 74 190 102 147 159 120 181 46 132 138 130 101 107 73 117 79 193 55 18 163 189 61 170 154 156 137 78 25 191 77 117 111 71 187 77 43 21 68 30 117 198 158 1 146 56 37 181 95 143 84 195 159 117 189 72 177 56 108 91 132 38 78 67 119 34 39 191 111 118 68 182 46 62 85 40 154 136 92 122 125 129 83 32 92 63 166 182 106 57 145 100 189 22 98 173 44 84 142 111 141 120 199 128 125 106 141 117 62 20 25 122 111 128 82 33 120 74 37 136 199 129 73 77 48 184 121 88 39 132 133 50 46 78 114 11 167 152 170 32 13 164 184 58 162 57 87 142 75 82 113 194 125 58 5 155 119 199 2 136 49 96 50 19 8 164 65 168 133 130 105 82 140 138 146 117 151 147 27 65 25 31 69 136 102 99 56 50 23 34 167 0 48 16 51 94 91 96 108 39 55 179 133 49 140 4 28 125 124 39 83 78 120 28 116 168 4 167 111 169 2 120 157 9 31 71 44 198 161 1 169 180 172 43 35 152 172 168 68 65 32 78 86 170 175 37 180 54 178 36 172 72 44 176 146 121 2 49 118 139 110 193 129 45 174 43 96 181 170 175 72 80 121 132 88 113 59 32 16 84 145 93 67 75 178 105 2 119 193 104 96 91 59 23 70 117 111 154 181 157 115 69 187 107 46 185 122 72 112 104 133 41 79 190 39 125 188 59 185 163 1 116 132 138 135 165 2 147 178 4 160 18 61 108 69 44 134 133 130 98 68 85 146 199 156 127 23 92 154 186 69 68 185 145 69 100 73 56 110 75 28 72 106 113 75 19 160 41 130 72 111 104 96 117 120 146 134 61 21 121 98 179 94 102 62 172 0 3 154 94 145 112 117 89 82 32 43 170 63 107 62 67 66 167 36 118 0 197 120 25 106 88 26 160 2 127 80 82 142 102 148 188 49 138 72 115 181 92 131 39 71 21 161 124 193 25 18 110 88 83 141 28 183 101 82 118 72 21 170 14 51 118 192 39 175 3 169 143 115 174 22 109 142 49 185 155 171 63 50 40 112 78 96 93 62 100 147 54 124 86 26 21 199 106 82 130 180 158 2 142 104 73 41 129 160 13 185 20 22 57 104 146 136 65 24 195 187 58 195 57 130 44 76 46 19 176 104 130 167 77 97 60 50 98 169 196 114 140 66 164 189 74 78 104 35 175 87 137 80 132 100 152 133 130 195 69 106 112 117 88 83 140 95 179 118 86 88 83 30 64 91 52 81 183 0 116 86 32 50 46 93 116 135 148 185 48 194 56 181 59 187 73 78 136 61 186 1 167 8 92 56 107 66 73 140 94 97 175 166 35 77 31 45 178 94 88 146 57 163 192 178 5 174 52 122 157 12 24 112 97 127 118 14 159 169 82 187 62 167 68 169 140 91 57 71 102 185 25 184 146 131 54 107 183 77 170 195 88 143 87 39 76 131 41 87 134 121 63 118 31 62 119 169 51 170 22 127 140 179 150 182 12 36 69 26 57 63 133 81 169 149 93 46 38 41 195 85 37 19 159 22 158 113 180 149 146 152 80 135 92 77 15 198 26 9 194 180 165 34 86 51 95 138 113 69 43 70 125 195 123 55 175 136 46 54 162 191 167 148 33 130 78 126 157 146 86 197 44 22 28 126 47 131 59 183 58 104 86 115 99 123 40 116 81 50 84 123 70 75 152 123 155 1 198 93 141 161 86 104 96 139 71 24 114 21 88 93 131 197 117 174 17 15 73 17 118 142 168 25 91 50 43 135 98 75 191 109 181 100 66 49 93 181 178 106 194 190 82 192 125 157 167 170 113 150 108 24 67 22 117 122 160 28 69 51 171 19 1 123 68 102 174 104 187 26 180 185 109 38 152 181 17 157 118 94 199 196 58 21 73 43 36 127 88 85 141 184 100 76 16 13 26 190 39 46 115 120 152 115 185 74 40 193 157 6 62 70 114 27 167 124 83 68 116 142 91 161 144 175 150 194 68 184 77 139 162 2 123 120 37 179 54 40 133 88 33 71 60 183 21 54 4 158 21 179 158 138 133 134 34 152 198 63 175 178 112 67 105 50 129 102 60 110 189 84 48 146 111 62 57 105 177 37 66 120 68 60 166 174 101 187 149 163 60 131 79 56 50 94 44 174 93 57 47 103 1 162 56 193 22 33 50 53 175 1 118 29 169 74 103 175 23 116 99 44 79 32 8 154 38 76 191 194 19 16 194 148 108 135 41 14 54 120 81 23 107 179 36 184 59 101 20 25 35 129 103 61 130 134 122 63 98 136 80 37 25 194 102 96 46 52 190 63 100 191 78 129 76 126 97 182 67 59 103 191 160 192 104 127 172 93 173 75 57 36 38 187 114 25 165 78 122 125 52 44 88 38 136 178 107 126 89 131 159 10 25 161 125 67 181 19 190 141 68 186 111 25 38 134 95 139 104 151 187 146 141 105 189 23 90 101 188 146 93 61 187 67 193 68 45 83 156 3 157 148 32 22 111 68 38 39 189 180 96 182 108 180 107 21 159 82 40 30 49 145 2 193 103 50 108 52 88 43 84 104 111 28 29 84 56 133 191 138 38 130 42 117 120 77 32 61 68 46 137 167 80 75 32 67 101 61 165 143 179 145 86 80 133 38 33 116 2 154 156 90 163 17 167 170 89 171 37 182 55 178 77 130 139 94 90 141 80 124 37 22 104 196 87 131 144 140 176 116 115 193 126 112 95 80 59 86 109 152 125 36 30 143 52 100 190 77 127 40 22 17 41 138 121 121 36 169 147 143 189 144 166 12 32 19 139 179 79 127 131 95 82 117 47 180 53 172 71 189 73 55 105 194 15 82 27 46 28 112 193 175 54 149 154 142 74 29 189 155 135 86 72 125 25 181 57 90 54 85 41 137 83 170 141 144 86 91 35 17 131 1 171 91 47 179 45 46 199 169 198 101 175 187 50 125 120 194 62 67 116 154 127 117 74 138 133 2 183 178 160 131 97 122 125 90 172 146 158 135 151 148 127 50 106 71 42 127 133 62 193 81 102 77 33 86 24 21 87 45 85 52 15 56 150 154 149 56 151 190 112 188 145 160 95 74 105 147 9 33 64 132 86 129 1 164 33 105 199 167 116 92 174 146 87 40 61 6 166 88 83 75 133 197 2 152 56 117 26 46 84 125 130 185 159 135 42 89 139 116 183 98 114 28 56 50 92 149 121 1 106 70 56 50 101 154 146 32 42 160 1 111 84 133 19 187 70 65 81 125 37 126 51 30 125 130 128 51 92 88 130 151 185 111 189 48 30 72 23 115 82 55 147 189 75 104 119 15 34 51 75 190 132 141 88 46 50 169 43 111 74 38 131 163 86 139 178 53 135 103 177 22 46 41 70 175 95 103 126 188 180 94 142 86 133 73 18 134 83 112 147 195 109 29 166 5 57 63 12 17 11 3 143 101 91 124 65 175 12 167 175 140 144 178 162 26 116 177 136 56 95 49 40 76 133 42 58 70 67 120 173 94 27 113 28 63 77 67 33 28 101 186 189 51 49 131 66 180 104 109 147 92 173 70 75 128 70 64 110 22 100 188 39 23 96 72 56 123 22 17 37 167 60 154 5 156 194 115 123 33 43 41 136 179 97 116 94 150 191 40 92 25 2 131 183 49 161 84 69 97 137 66 104 109 102 133 125 98 119 71 62 128 138 141 146 165 93 147 95 141 82 17 54 59 33 115 65 83 90 36 107 129 81 28 82 137 72 19 40 44 56 98 142 182 47 50 66 38 77 128 34 148 97 89 32 130 149 156 164 109 49 83 78 134 190 135 82 124 85 138 115 80 70 25 20 25 116 107 193 154 102 152 37 138 173 116 74 113 144 141 73 34 56 179 14 117 28 15 21 56 62 163 32 74 23 162 136 1 170 146 154 120 125 38 80 121 126 36 132 77 24 68 86 39 128 95 11 176 100 155 117 32 90 197 155 107 101 55 161 184 156 175 188 183 38 181 167 164 28 91 114 112 109 118 27 160 175 44 133 125 111 179 110 169 83 194 190 146 94 84 170 85 117 65 90 145 115 57 182 45 63 37 173 148 104 153 187 184 69 107 135 75 195 122 59 186 49 16 131 138 168 30 164 19 158 121 167 33 163 22 178 66 98 59 94 38 126 187 96 28 22 124 150 177 45 110 162 59 56 100 74 130 76 98 181 66 71 135 104 112 118 198 195 110 146 102 139 67 114 93 179 159 179 0 196 156 159 17 22 76 110 184 107 111 133 95 29 163 19 19 95 123 49 120 125 64 140 162 167 175 99 187 157 149 35 29 88 116 27 43 86 58 84 126 82 119 198 74 136 90 143 142 167 193 159 25 22 136 133 79 143 178 167 26 110 24 124 44 66 192 132 130 47 113 100 167 67 75 86 22 138 70 120 47 41 101 176 193 80 194 42 119 152 88 83 119 89 137 70 32 87 141 146 181 104 59 182 26 113 135 39 62 139 88 83 136 169 26 50 28 32 80 41 61 22 169 84 41 75 51 82 175 98 110 185 136 96 199 45 70 130 80 75 109 58 134 36 40 71 127 143 92 24 95 66 26 161 23 17 190 114 117 87 64 166 139 83 103 96 140 199 121 153 142 162 18 25 123 66 182 156 162 168 37 178 183 57 136 95 92 70 174 145 144 78 124 94 174 178 64 38 31 116 37 184 70 77 51 124 63 39 44 63 89 43 82 49 75 122 35 33 132 34 21 46 145 148 99 64 117 134 85 144 107 67 46 82 38 30 3 122 2 181 107 40 132 156 109 89 94 43 133 37 65 62 32 10 156 107 44 102 88 145 1 113 154 170 199 111 148 106 177 54 30 162 193 78 152 189 174 54 108 179 96 123 103 185 0 175 102 22 54 191 122 69 104 71 154 167 50 59 17 179 109 67 118 79 129 88 33 75 132 198 114 158 20 22 187 106 152 179 161 50 59 165 94 143 1 174 97 176 102 199 190 113 29 146 154 190 156 125 170 162 154 76 120 30 16 191 65 21 36 175 45 163 133 156 198 107 70 189 135 55 80 83 80 22 182 175 96 56 46 17 164 26 184 38 72 197 113 116 143 146 83 78 93 124 1 166 2 198 160 25 112 117 102 34 62 17 20 197 125 82 139 85 143 126 90 59 196 109 8 180 78 24 53 190 118 125 128 195 191 87 46 179 104 1 49 76 21 62 188 72 25 71 99 74 52 21 17 169 67 89 140 75 26 38 188 116 191 130 30 127 130 67 17 39 93 44 135 147 187 75 111 73 136 43 23 109 61 120 114 62 13 67 113 189 138 47 106 75 94 152 178 90 194 41 104 33 38 40 84 96 104 36 168 51 88 106 137 12 44 50 185 142 97 33 21 125 186 189 179 2 50 188 194 0 156 122 133 55 112 26 89 24 55 148 1 196 72 127 58 182 144 110 74 88 68 81 126 153 198 159 4 156 138 86 80 75 70 95 129 80 82 59 163 136 88 142 128 164 64 120 183 16 69 154 195 81 19 64 79 136 152 163 144 83 196 120 125 154 175 118 24 69 34 28 33 57 81 72 39 15 61 166 87 145 109 188 2 135 100 149 16 47 75 16 79 194 191 170 192 77 39 47 82 44 36 88 83 173 52 149 109 110 187 24 159 154 124 42 83 138 65 18 33 100 46 128 28 67 132 57 98 106 183 149 51 30 46 15 157
398.343357 meters