file sh-1022.jpg
nails 200
imagesize 150
populationsize 100
elite 20
genomesize 3000
mutationcount 0.001000
mutation 0.010000
minchunk 0.200000
maxchunk 0.500000
iterations 10000
stableiterations 10
goodgenerations 100
burst 0.000100
threshold 0.030000
ring_diameter 220.000000
thread_diameter 0.040000
save_every -1
history_step 100
---
3000 0.040000 220.000000  159 113 158 161 110 149 17 184 23 71 178 190 148 126 139 80 43 79 85 184 123 80 64 129 176 14 90 128 122 72 80 174 93 176 17 43 41 38 154 43 178 165 5 195 142 97 37 187 57 119 26 15 191 165 70 97 139 157 89 128 133 175 146 85 45 97 190 152 117 146 91 144 106 131 71 159 103 161 169 95 177 149 190 78 53 113 70 177 132 64 4 165 172 178 186 181 49 88 157 72 88 137 163 22 14 152 90 44 175 21 167 63 130 70 136 141 124 78 132 128 85 65 12 166 85 54 134 143 149 189 77 79 58 189 103 138 70 179 136 94 99 185 50 58 160 51 111 20 100 184 2 86 42 50 48 185 24 170 23 161 124 90 36 150 119 92 152 12 173 134 183 26 185 102 72 35 185 57 137 194 108 54 118 157 12 19 191 139 150 190 38 110 195 22 16 159 9 143 97 43 93 18 28 83 42 82 32 59 190 28 48 100 180 183 104 70 57 186 27 192 150 199 65 169 142 173 137 32 117 60 124 106 144 85 84 117 137 169 51 133 68 151 146 15 194 111 72 69 194 145 107 50 114 60 118 148 143 192 108 79 7 146 185 172 149 122 128 159 194 70 51 112 199 165 3 144 103 105 51 109 176 95 106 53 196 193 164 126 18 95 22 56 70 72 194 107 108 195 194 142 139 138 191 38 78 173 152 0 84 170 191 133 181 41 71 137 192 12 122 50 115 118 45 50 50 173 90 8 63 122 132 66 165 155 105 89 6 156 3 122 131 53 30 183 21 186 13 19 72 66 5 0 7 185 103 156 5 122 45 5 146 11 147 120 90 146 161 7 35 93 136 81 84 7 37 14 185 56 54 171 100 100 157 122 167 142 99 20 22 9 35 3 28 185 94 12 148 124 63 5 27 184 153 93 91 47 38 150 88 88 174 150 19 28 55 50 179 138 131 157 47 101 99 181 136 106 192 103 21 181 50 69 78 75 140 138 157 22 58 3 158 181 175 184 139 112 56 196 173 67 33 52 56 191 21 100 38 2 153 190 146 167 99 80 146 9 128 122 76 88 42 112 69 135 132 67 131 126 76 38 50 112 80 177 5 123 165 131 168 16 145 76 52 106 150 115 113 119 77 140 4 124 59 97 19 149 174 91 177 114 45 196 28 22 42 42 53 111 0 196 32 61 166 191 142 146 183 152 135 163 7 25 104 105 46 50 166 63 127 70 17 13 146 155 169 25 199 73 75 138 131 137 176 94 172 50 170 78 179 71 196 140 97 148 127 59 188 188 181 20 152 134 92 142 85 137 109 50 55 133 86 85 112 54 43 18 154 3 63 87 12 150 188 182 98 44 24 46 94 76 39 82 138 186 134 53 176 71 175 181 144 97 181 199 76 78 46 106 105 53 189 192 47 158 115 23 103 184 197 113 192 62 68 7 15 156 19 164 159 117 152 67 16 19 162 14 150 157 46 97 20 192 6 161 8 131 52 25 121 6 149 131 178 70 133 176 29 172 165 196 119 149 10 11 19 178 172 195 0 5 170 96 124 68 83 135 77 4 26 177 183 47 50 63 12 101 43 180 179 95 59 112 53 170 178 22 49 122 58 75 48 22 162 130 161 172 66 80 96 48 125 142 165 80 106 18 151 114 70 51 161 82 6 181 100 112 119 71 165 18 174 89 172 90 70 45 12 198 122 114 199 111 197 33 5 62 170 77 68 192 101 149 192 146 106 10 85 31 129 136 198 1 24 42 25 94 125 28 191 28 196 169 126 190 52 112 197 172 22 185 150 21 38 14 41 45 158 13 155 175 22 180 175 67 57 116 154 118 10 146 146 119 12 186 25 55 119 172 79 85 33 58 188 52 172 174 130 65 183 103 152 146 196 138 172 0 7 144 60 194 192 0 196 144 146 153 67 192 165 25 37 9 40 80 192 35 142 172 178 142 182 101 183 193 107 109 53 177 19 22 158 88 56 26 187 59 50 45 42 174 12 163 40 172 152 130 50 110 189 21 196 139 171 87 46 102 183 18 171 26 123 63 69 42 100 188 12 126 135 96 177 139 183 37 25 17 94 178 172 187 106 98 18 35 32 159 22 25 120 144 195 70 154 98 19 46 125 86 138 174 92 66 69 78 72 67 11 17 72 22 19 178 172 23 74 63 69 35 4 22 28 60 190 100 98 157 31 53 174 21 91 89 162 184 137 140 91 154 161 172 28 58 124 113 106 87 142 103 40 177 151 70 42 106 130 178 96 139 78 1 79 82 197 0 63 32 154 180 96 182 134 156 45 52 133 72 97 147 106 137 177 196 39 80 116 179 177 20 166 2 75 21 25 175 32 138 134 187 161 4 147 7 41 116 141 145 141 107 196 189 36 73 39 5 7 11 150 110 146 3 187 135 172 80 52 135 182 19 47 119 115 179 96 19 8 158 37 100 192 115 159 138 131 63 40 68 174 24 51 128 62 166 61 40 90 176 69 128 79 6 175 156 127 122 146 139 85 143 155 152 3 186 137 114 117 1 115 155 161 126 70 123 196 156 189 16 178 197 121 112 115 109 198 6 61 190 102 41 45 28 22 168 64 176 91 78 56 110 49 20 163 124 28 4 120 2 141 75 78 87 40 147 147 9 81 4 88 41 43 68 119 3 65 120 157 14 40 55 196 163 127 65 69 195 112 18 150 139 133 188 182 137 161 115 88 88 66 96 113 50 23 114 113 181 191 154 16 192 116 86 11 25 22 46 68 152 18 168 19 112 41 86 34 24 177 194 29 37 5 16 164 159 199 116 65 130 66 122 127 80 74 184 74 56 186 146 193 3 80 126 191 59 120 184 167 61 169 77 44 156 93 95 85 199 110 106 185 95 71 180 133 155 146 102 193 197 154 19 151 4 66 37 88 12 164 135 70 40 115 197 7 43 111 119 161 19 190 72 181 172 194 9 144 189 101 172 17 181 172 175 68 36 58 190 20 153 116 54 119 4 122 114 2 22 100 134 72 58 114 106 193 14 148 102 192 58 132 87 67 126 61 161 88 86 172 65 171 22 51 198 152 121 63 170 8 80 0 195 0 196 114 89 121 57 184 68 122 119 23 157 112 198 57 117 3 126 103 25 106 190 139 81 56 38 47 23 93 173 68 181 132 56 41 45 94 39 186 104 51 107 196 180 137 22 101 170 0 7 197 139 93 177 14 155 17 34 0 195 11 3 116 0 128 50 45 23 97 137 199 77 72 130 9 5 0 7 167 97 97 39 146 42 58 25 29 57 188 170 146 97 99 22 53 116 142 106 45 119 73 199 142 63 66 135 72 180 161 21 162 167 62 49 109 49 124 16 184 144 104 134 55 114 6 154 199 109 189 100 173 175 169 152 157 142 88 115 58 74 185 104 191 106 164 22 165 178 21 112 116 149 64 134 170 2 150 17 164 159 155 150 37 72 138 181 178 181 93 161 166 51 114 128 106 133 85 35 50 113 52 115 80 83 7 127 54 117 53 165 122 57 159 187 58 158 132 88 18 153 12 197 158 116 162 165 11 99 72 137 123 106 48 21 51 173 14 154 183 117 119 71 132 51 175 161 22 19 69 134 165 16 50 131 80 58 134 80 25 173 181 42 165 108 197 16 188 139 125 51 114 0 195 106 22 103 174 67 92 171 88 71 112 55 184 56 38 8 61 25 161 9 118 58 189 40 84 8 141 176 66 190 168 21 7 17 151 118 112 171 130 173 41 59 0 130 31 87 90 144 107 186 87 5 14 165 62 127 157 37 75 68 91 160 126 162 136 74 0 196 2 79 82 85 43 63 96 150 15 161 135 184 115 180 160 144 8 83 138 132 112 58 84 134 115 149 166 137 91 22 117 80 158 35 91 91 143 122 117 161 34 58 123 27 174 127 64 170 129 168 127 8 152 94 142 181 114 180 194 44 16 146 6 172 188 54 181 153 176 68 130 113 198 193 109 161 26 122 128 142 186 99 129 72 171 144 15 91 127 53 178 95 93 10 97 150 134 106 161 190 194 161 138 161 20 176 19 153 123 16 93 178 181 101 104 190 50 126 131 172 88 138 146 180 97 61 193 137 58 199 171 14 32 25 56 131 129 82 38 36 148 119 126 175 141 199 124 128 52 36 72 198 157 38 160 59 142 7 91 16 14 149 13 144 163 25 166 22 16 149 117 46 154 17 147 109 187 53 34 61 163 197 83 0 192 41 39 22 119 124 87 11 144 0 170 135 30 193 0 192 107 106 36 66 152 119 115 51 131 73 183 165 112 160 20 98 142 197 146 154 126 97 115 110 170 140 195 152 127 52 130 71 197 20 154 1 75 2 138 131 65 7 32 181 55 73 34 188 7 119 10 117 117 99 135 147 16 173 66 41 18 70 60 143 35 31 182 99 180 152 6 124 152 167 134 96 131 61 50 106 93 17 178 32 69 14 40 75 185 141 139 136 161 127 116 131 178 78 72 59 189 102 184 24 194 23 116 47 22 118 1 121 92 36 3 169 85 175 139 74 144 14 4 176 27 50 45 41 12 146 156 70 42 52 105 196 113 27 122 171 95 130 89 142 10 7 156 181 72 77 128 175 89 171 4 190 144 127 173 168 125 170 65 33 161 154 44 54 50 96 142 108 51 106 123 34 140 120 97 88 7 183 87 0 113 169 63 165 121 83 181 183 148 16 199 175 172 97 97 152 138 113 56 195 105 113 119 54 196 161 165 194 18 163 113 155 145 144 88 90 50 45 41 90 90 165 21 173 134 180 132 154 119 0 10 176 21 117 122 25 170 138 135 185 139 81 130 108 50 111 56 120 78 122 77 42 155 146 63 55 113 46 119 58 37 11 19 170 98 188 103 131 136 89 40 23 175 39 36 70 39 33 138 194 199 25 108 171 190 99 21 187 122 70 63 61 121 56 76 138 78 117 117 44 80 171 77 124 159 49 104 23 159 121 171 178 139 199 146 100 183 96 152 41 24 103 80 180 99 43 63 63 60 125 69 134 71 50 21 72 35 173 88 6 140 192 156 13 42 21 97 184 130 165 12 15 148 88 141 88 131 167 81 165 60 191 172 178 138 190 5 132 86 0 118 79 168 171 52 85 156 109 197 160 155 16 152 17 177 161 14 143 0 112 145 10 47 123 57 189 111 119 158 11 24 120 26 12 156 96 185 172 128 133 56 50 85 170 132 124 6 142 75 70 131 182 56 158 6 170 32 85 126 64 61 2 76 139 88 130 54 114 1 113 154 107 147 147 89 13 189 138 98 181 175 36 16 68 112 140 0 19 152 187 108 40 72 71 129 122 129 76 142 13 195 27 124 149 111 54 135 100 39 161 60 85 42 80 124 110 194 149 180 95 123 59 23 158 16 17 161 0 12 43 70 67 72 196 148 198 72 112 196 80 21 154 109 144 146 194 106 156 122 71 155 20 51 88 154 85 84 2 160 71 37 57 55 135 192 33 68 190 103 182 102 38 5 77 51 113 149 160 150 5 0 162 12 88 76 125 6 30 63 186 181 94 184 180 55 80 197 110 122 93 44 88 42 180 171 145 96 21 101 185 132 125 132 98 23 164 50 112 67 127 18 55 120 135 178 117 56 108 13 163 23 3 115 199 26 176 138 89 41 196 70 58 91 163 60 141 1 146 103 134 179 17 7 80 100 150 166 126 30 127 191 18 156 2 174 52 173 22 170 72 182 16 187 18 51 170 171 63 117 166 175 92 8 145 141 144 4 153 110 175 132 164 109 106 146 8 153 189 98 180 33 75 117 155 178 10 168 5 0 14 89 134 109 194 119 142 5 8 129 52 197 136 54 24 181 7 29 81 42 26 194 117 180 14 19 173 145 7 165 8 126 49 80 75 72 197 73 138 160 22 25 77 48 164 169 102 28 126 121 4 37 9 2 119 25 19 148 192 105 190 159 18 94 179 184 159 35 74 1 143 38 111 160 23 187 20 171 143 190 12 9 63 31 176 11 8 164 73 193 144 115 2 74 161 119 185 87 2 142 107 188 20 150 154 71 139 145 12 17 170 7 126 5 185 137 131 124 62 122 60 162 188 77 139 160 122 196 171 178 125 29 124 70 180 81 78 24 161 16 193 27 34 139 32 184 138 79 79 137 89 67 94 127 56 119 144 142 111 52 135 190 112 152 117 64 60 193 12 99 8 180 16 185 194 11 19 50 171 23 167 89 173 129 51 59 125 164 124 106 40 80 9 85 42 12 168 1 85 171 11 4 80 167 11 5 23 178 86 10 150 170 76 25 18 71 38 7 26 50 83 139 72 66 53 110 134 50 15 36 88 5 144 99 137 56 118 47 26 197 26 189 183 56 55 50 18 147 80 63 38 80 140 149 4 0 157 159 155 172 51 92 137 191 190 25 19 0 76 130 122 129 67 66 2 10 158 126 83 134 150 183 97 90 175 142 113 63 196 14 110 145 62 119 67 134 175 144 62 146 14 44 27 55 59 165 154 69 78 166 194 62 169 172 190 21 44 197 30 50 76 167 190 65 175 12 17 18 185 53 51 130 97 155 190 54 178 12 39 31 131 69 132 72 39 75 197 143 164 134 19 53 50 169 132 52 163 128 131 91 24 104 48 21 130 137 197 114 52 132 128 21 116 52 97 90 37 172 67 177 106 154 7 149 18 4 86 81 141 90 92 116 76 3 172 25 180 94 140 85 115 44 109 107 153 114 53 133 116 56 193 182 50 55 193 32 7 128 108 138 87 172 53 115 22 102 145 141 196 147 6 78 97 178 69 72 165 41
401.918972 meters