file sh-121.jpg
nails 200
imagesize 150
populationsize 100
elite 20
genomesize 3000
mutationcount 0.001000
mutation 0.010000
minchunk 0.200000
maxchunk 0.500000
iterations 10000
stableiterations 10
goodgenerations 100
burst 0.000100
threshold 0.030000
ring_diameter 220.000000
thread_diameter 0.040000
save_every -1
history_step 100
---
3000 0.040000 220.000000  183 16 77 138 178 172 14 193 166 185 157 137 169 63 114 48 125 25 190 169 22 77 111 111 189 4 183 101 124 194 23 191 117 112 188 166 195 2 117 29 59 41 120 191 7 120 83 137 89 30 9 93 91 137 79 124 9 148 127 156 175 50 55 74 116 77 151 46 111 185 74 188 104 142 82 113 19 42 50 55 88 87 64 97 116 20 111 111 0 25 82 180 101 127 74 50 61 190 160 145 105 193 168 64 69 182 100 61 108 159 148 141 137 92 95 102 154 197 134 16 14 187 114 191 109 184 10 173 89 138 132 73 182 152 15 78 72 69 44 86 132 72 36 149 107 106 59 78 189 50 154 73 13 70 94 141 106 190 116 85 82 12 5 167 133 146 113 128 27 198 68 9 54 43 50 81 198 119 154 13 24 195 0 162 138 50 126 89 159 134 89 139 131 164 154 189 184 96 28 95 80 137 94 179 11 181 77 137 163 143 113 37 69 4 170 68 124 159 133 73 124 85 148 172 114 118 70 108 190 194 19 22 166 151 61 178 96 61 31 116 28 19 77 40 155 128 131 74 58 108 184 27 41 198 167 65 109 98 23 53 106 53 63 118 197 119 112 159 29 148 185 111 193 159 130 27 175 8 187 114 66 178 158 190 17 88 140 96 58 39 33 130 70 98 47 116 130 67 168 137 163 178 146 0 113 104 189 116 22 2 145 155 67 0 34 194 125 178 92 98 61 111 188 8 72 71 174 6 121 39 0 11 81 125 128 159 192 26 157 68 196 0 26 124 155 145 187 101 60 28 48 6 77 17 155 171 191 148 77 173 169 5 55 145 113 148 178 172 16 147 156 128 47 4 91 95 32 41 28 183 91 57 36 194 116 4 89 79 6 27 55 108 185 4 172 117 144 114 192 163 134 55 84 132 123 102 101 182 96 14 84 13 24 188 100 180 152 101 143 98 31 124 154 186 166 61 51 161 109 142 102 106 142 91 151 184 102 56 9 169 135 84 154 157 184 190 79 100 181 41 79 72 121 66 50 95 57 28 22 34 68 72 88 138 87 117 197 164 0 123 91 153 84 198 160 187 160 172 178 191 35 123 87 176 57 86 160 59 118 191 116 197 31 189 23 115 63 113 195 149 117 143 37 84 168 186 108 71 132 132 79 188 101 17 146 109 41 133 158 96 187 154 130 185 76 52 80 48 155 129 196 169 136 164 57 103 74 135 98 18 76 2 31 45 193 29 128 76 181 69 0 68 69 120 153 17 116 82 144 108 59 83 143 155 106 98 143 90 154 94 29 65 114 136 47 76 10 27 189 191 24 162 169 1 68 57 101 104 128 46 160 128 67 28 1 167 181 156 44 127 81 136 168 41 45 132 49 195 161 197 18 28 171 22 117 52 98 75 135 77 43 172 139 131 160 191 164 53 156 145 171 142 169 3 66 80 126 76 23 6 139 52 94 133 160 110 127 71 181 22 61 69 78 90 137 162 133 188 19 76 44 113 174 159 16 56 98 85 133 74 1 87 139 85 135 165 22 45 50 130 106 42 195 5 89 18 22 17 108 48 96 119 5 130 12 125 69 56 92 153 46 136 118 64 13 140 166 149 168 60 79 106 124 67 68 101 69 101 15 25 8 144 115 73 108 106 55 25 92 140 100 191 0 161 89 39 123 40 50 79 34 97 178 22 190 113 149 181 96 96 133 72 105 184 122 70 194 113 157 186 21 50 121 5 72 16 156 125 67 54 32 130 183 124 107 146 86 24 87 54 89 128 122 65 198 172 169 138 90 97 186 79 82 94 10 131 38 98 180 169 6 69 7 178 172 169 138 1 124 150 176 2 128 136 159 128 70 131 169 19 8 172 47 108 61 16 185 110 186 58 84 135 163 189 181 178 25 187 107 73 113 147 193 25 108 192 15 16 101 192 146 54 37 197 115 64 59 98 161 135 80 136 131 133 71 6 148 175 98 34 96 143 16 87 128 122 66 60 107 9 80 25 189 114 74 132 4 128 55 70 105 28 22 114 146 37 147 88 81 156 134 78 101 169 4 167 0 28 34 101 61 113 64 134 92 181 161 169 62 80 113 119 160 57 114 115 196 175 65 120 144 3 115 159 27 83 124 61 69 121 64 67 5 20 50 196 32 175 96 87 172 94 139 115 191 155 165 196 0 171 65 168 6 133 93 170 167 101 63 54 111 197 82 44 87 60 39 134 130 36 48 130 135 144 172 86 140 161 169 194 21 185 98 14 5 77 129 197 159 175 73 17 184 73 48 95 44 6 146 164 196 46 65 195 11 173 123 67 110 193 195 41 28 129 75 134 112 186 75 44 50 137 87 56 80 133 164 62 195 0 86 50 18 182 28 196 23 117 69 51 142 115 81 70 6 177 106 188 28 69 131 15 57 102 59 98 172 71 121 121 37 109 192 117 71 186 81 178 50 75 89 58 100 59 63 35 98 57 33 198 130 153 175 4 38 197 29 93 19 175 188 197 41 84 117 119 146 179 17 192 154 160 114 148 59 85 26 145 106 111 63 116 146 161 111 145 178 19 62 153 184 74 106 193 185 95 8 125 127 41 189 156 161 46 14 177 198 180 69 171 185 106 61 66 167 6 184 163 55 50 72 83 136 131 152 135 15 186 22 139 92 33 132 77 57 108 68 77 186 104 183 74 78 128 122 36 191 19 91 46 101 165 189 32 116 174 198 110 46 95 97 22 183 71 142 116 71 182 74 128 26 94 178 17 87 47 73 98 50 114 147 110 191 43 159 78 93 31 51 136 92 64 117 190 104 54 24 103 184 110 113 13 83 138 86 134 47 83 195 126 49 197 110 157 170 53 108 108 146 139 67 72 46 39 43 186 102 143 107 130 45 170 199 174 75 136 77 98 33 22 124 0 24 195 114 122 116 196 146 24 25 102 128 12 99 187 181 38 11 41 10 82 154 181 124 66 96 31 120 148 28 74 134 46 50 57 94 183 17 0 58 162 195 117 82 133 169 66 12 75 134 91 164 3 69 122 113 59 38 104 196 42 91 31 63 130 114 67 81 143 24 43 66 117 182 106 187 16 1 50 131 106 61 69 127 77 78 72 78 56 165 190 19 114 134 79 90 6 180 73 41 72 141 145 107 67 50 53 128 69 75 46 66 6 46 81 155 94 151 184 71 78 130 145 158 126 42 9 171 194 107 44 125 24 116 79 72 129 45 0 195 116 84 1 174 15 85 45 15 71 0 41 16 189 172 69 106 170 63 69 50 160 88 148 173 143 5 0 182 24 52 57 28 22 152 81 72 48 139 91 50 41 134 84 47 0 135 187 20 173 143 172 138 132 154 92 96 32 93 92 41 104 184 19 47 90 11 4 53 141 177 108 106 63 31 126 68 123 77 146 81 69 72 52 129 133 116 30 60 104 146 169 155 45 41 4 166 139 82 153 134 93 46 149 37 63 29 99 13 117 66 173 96 72 12 98 30 178 166 134 79 48 25 39 43 25 126 11 55 40 93 181 16 44 172 178 188 25 59 66 98 177 75 65 118 0 195 163 59 146 174 40 20 92 6 41 125 70 78 112 195 178 108 75 187 39 91 28 50 127 98 179 78 139 143 99 142 101 36 165 62 69 126 154 110 106 39 191 169 10 80 172 136 78 54 29 131 57 163 92 45 113 68 121 80 46 17 28 51 118 131 44 26 90 19 81 132 76 65 196 41 157 124 50 45 157 139 96 22 93 182 104 55 141 102 105 107 26 193 78 7 4 85 0 159 96 183 110 61 69 49 75 120 133 16 28 98 145 87 130 31 57 75 122 150 171 102 115 0 7 175 12 182 102 133 78 87 58 101 75 16 34 129 50 172 0 7 145 56 25 32 115 114 193 157 132 6 123 80 85 146 19 54 99 140 108 196 131 71 141 171 4 45 84 64 170 178 156 186 96 9 81 45 191 59 92 19 139 0 5 9 185 29 1 179 99 70 120 81 118 22 98 60 57 147 132 128 163 145 154 18 158 189 38 61 105 74 11 122 67 88 4 193 77 101 164 61 67 98 157 191 0 19 103 183 157 188 99 86 43 127 12 178 1 162 97 35 61 28 22 11 184 26 51 34 95 176 13 180 10 144 109 54 190 0 177 195 64 63 104 96 156 48 17 38 77 113 117 35 45 22 30 115 117 139 132 105 195 167 139 161 140 93 153 103 185 96 154 143 108 120 72 78 178 156 116 113 193 33 131 73 4 175 191 76 117 26 81 137 102 187 104 98 11 172 184 175 169 10 22 15 148 179 156 194 114 26 172 64 102 189 198 117 78 72 14 19 189 183 73 0 37 31 195 187 30 10 73 130 28 127 124 25 120 151 20 79 153 178 199 133 143 168 146 169 39 196 112 116 6 171 63 168 177 80 72 83 152 167 152 35 141 160 26 116 18 74 134 165 44 128 32 194 115 189 7 143 54 70 183 155 86 68 199 82 196 182 128 73 3 174 10 36 19 158 181 148 118 141 174 13 111 71 130 17 100 189 112 158 136 96 99 178 2 166 31 0 176 106 194 80 121 193 100 25 11 70 90 128 153 113 22 25 186 111 111 1 23 50 113 25 50 30 44 194 169 184 167 58 11 82 137 154 49 57 93 177 195 29 45 2 161 92 184 79 84 25 44 11 175 79 7 91 64 199 132 164 59 95 182 37 72 132 161 59 72 126 84 170 143 79 178 13 9 171 140 80 18 149 44 68 8 129 4 142 108 74 19 49 192 34 4 42 148 131 76 135 50 77 120 28 97 73 181 9 170 198 32 1 66 109 186 72 172 178 15 161 167 136 157 182 178 90 161 25 96 153 138 167 159 191 188 105 189 182 70 45 124 149 22 122 154 184 112 66 58 146 115 19 196 5 7 28 84 196 21 172 139 70 2 8 172 74 130 181 86 139 130 46 88 142 113 65 112 147 43 121 116 198 18 139 134 57 34 132 181 85 50 10 178 172 28 65 50 45 64 194 28 106 191 77 175 143 172 108 27 191 190 115 117 155 188 115 76 5 191 31 161 169 140 109 105 63 155 184 169 50 71 129 150 88 68 122 132 137 156 183 57 116 94 13 19 28 4 22 138 78 23 83 157 50 102 96 30 101 146 186 100 65 124 93 156 92 128 68 96 12 73 7 148 162 196 161 115 28 88 39 124 69 114 117 72 81 175 145 154 139 135 92 183 33 68 128 134 82 102 122 7 174 77 139 50 63 34 172 140 79 127 195 191 63 117 71 39 102 167 182 75 57 7 126 77 130 146 128 119 0 36 59 21 187 109 185 61 168 189 96 45 79 114 143 100 66 123 84 148 46 22 84 151 19 72 131 162 186 31 59 55 59 104 145 165 150 90 28 71 16 54 106 102 28 15 98 140 52 116 128 135 88 97 39 114 108 66 35 54 133 72 60 167 149 112 197 116 66 59 55 43 16 145 77 101 21 191 162 191 50 73 115 133 75 20 198 27 176 64 119 69 132 118 35 178 18 22 189 182 22 85 54 78 4 197 130 72 116 123 99 180 61 67 176 195 128 83 132 168 143 135 81 39 148 109 30 59 14 18 78 135 108 193 32 169 103 191 196 111 186 195 35 73 5 90 92 30 91 9 187 110 106 102 92 180 75 81 78 42 173 3 117 163 13 6 68 78 69 1 118 48 63 186 101 96 135 145 166 1 67 115 108 106 135 141 172 181 69 92 7 0 117 150 181 42 125 39 64 101 32 148 19 6 38 72 182 20 189 103 190 156 14 40 101 139 131 81 141 22 28 187 97 25 84 138 132 80 54 79 53 138 147 76 102 54 155 114 198 22 28 3 78 115 114 119 7 80 175 197 25 58 31 19 189 22 196 26 177 13 35 170 2 86 135 45 75 81 24 101 181 103 139 145 5 173 7 169 172 175 140 90 73 54 71 4 30 146 29 61 33 15 184 32 120 143 55 3 130 84 46 169 61 57 88 139 113 187 0 26 195 179 89 81 72 78 124 76 188 84 24 99 64 47 133 90 29 41 67 199 30 2 165 141 11 124 10 81 83 14 97 23 176 59 165 61 102 67 55 4 25 19 46 129 136 84 169 0 152 69 179 67 92 151 137 60 108 106 106 173 141 168 195 108 139 164 64 116 108 174 4 130 162 139 146 75 43 165 60 93 136 76 176 10 42 27 63 175 139 69 197 64 28 44 80 186 103 66 37 106 124 43 178 11 8 123 41 83 139 145 154 127 145 86 156 54 154 80 22 28 166 132 166 143 76 131 0 164 54 193 2 175 97 189 181 97 180 102 60 24 124 151 85 121 84 143 106 146 4 0 137 120 68 4 77 94 21 143 14 175 91 22 92 165 4 144 170 146 72 78 135 131 108 78 46 113 144 83 60 169 4 70 198 184 72 78 37 114 20 188 113 70 36 5 165 198 85 119 113 188 6 131 79 141 78 9 39 34 130 178 80 106 27 89 89 42 191 6 72 50 87 124 195 177 97 114 4 145 41 81 78 92 141 114 2 126 15 76 41 80 101 189 179 93 7 132 0 49 114 144 106 150 178 173 139 134 77 117 117 63 74 147 28 40 56 79 122 128 43 131 55 59 102 88 43 91 87 116 62 189 73 129 160 179 84 171 44 71 48 86 158 185 113 189 184 78 52 132 75 38 113 62 68 178 149 74 120 4 75 106 60 71 185 102 168 197 157 43 101 140 11 28 19 172 178 185 112 146 57 80 130 54 38 36 31 6 35 78 68 181 24 0 168 4 179 16 88 50 162 55 85 127 154
398.366915 meters