file sh-112.jpg
nails 200
imagesize 150
populationsize 100
elite 20
genomesize 3000
mutationcount 0.001000
mutation 0.010000
minchunk 0.200000
maxchunk 0.500000
iterations 10000
stableiterations 10
goodgenerations 100
burst 0.000100
threshold 0.030000
ring_diameter 220.000000
thread_diameter 0.050000
save_every -1
history_step 100
---
3000 0.050000 220.000000  25 186 60 36 130 91 171 116 199 157 130 78 189 181 24 146 86 145 151 3 164 28 22 51 69 14 73 99 105 101 198 128 145 95 103 186 152 187 116 65 128 173 21 16 125 119 137 89 70 192 112 159 22 38 121 28 117 30 22 31 41 75 131 94 62 91 25 28 162 155 2 193 78 107 121 84 61 69 90 120 28 130 53 121 182 175 16 60 166 148 107 116 137 94 75 111 132 157 21 45 28 81 54 28 3 114 187 108 130 187 47 78 45 92 38 185 98 93 143 114 24 3 146 32 128 139 132 64 199 163 145 113 20 159 42 196 86 136 89 97 189 181 102 25 57 195 0 194 192 197 60 112 134 81 128 108 149 101 187 38 41 50 30 10 158 1 162 22 88 144 122 132 40 134 125 135 129 68 105 96 140 78 123 71 16 177 95 132 161 96 60 21 168 36 99 22 163 44 178 161 58 88 21 82 141 110 185 47 0 3 168 159 148 111 62 55 134 152 101 189 184 99 27 188 98 125 197 185 58 153 113 66 82 187 57 185 174 45 119 32 15 191 154 132 82 138 72 96 89 107 58 186 175 1 102 105 2 160 189 184 22 198 146 169 80 67 98 49 162 194 103 176 154 101 132 128 84 137 87 33 63 173 113 83 63 169 13 19 25 159 186 107 109 148 2 158 21 122 50 2 109 184 156 168 81 140 137 85 112 181 28 22 44 175 37 31 144 94 173 69 107 132 154 184 80 142 173 199 127 42 138 131 122 119 105 122 107 179 75 90 144 126 80 191 75 28 9 167 69 78 192 116 0 193 54 16 32 82 107 53 105 95 139 25 182 67 165 2 123 56 180 29 57 59 129 157 101 188 190 62 134 146 157 11 19 173 95 82 49 74 184 181 57 149 103 141 182 23 110 127 175 173 44 43 54 109 169 159 9 25 115 174 1 160 192 62 95 100 168 29 45 43 79 51 135 95 165 50 40 138 145 3 193 66 141 170 2 2 153 85 39 43 167 32 100 63 107 194 165 90 45 59 23 121 66 101 62 22 188 62 120 66 165 189 61 100 189 84 95 28 113 73 27 128 131 125 30 94 198 164 65 138 93 50 54 177 102 140 70 109 188 157 148 174 44 84 47 19 165 62 124 39 45 84 142 82 28 141 186 193 63 199 174 102 59 113 198 46 107 155 57 108 154 179 11 22 26 70 78 56 102 130 34 122 156 182 56 22 178 54 39 70 53 174 95 66 14 40 74 190 73 129 122 0 171 187 3 15 19 102 176 63 59 164 190 169 3 2 156 134 58 183 57 53 144 120 159 196 118 145 177 37 134 33 93 116 108 182 195 152 91 32 60 23 50 167 22 31 123 157 4 194 118 1 106 59 105 66 49 108 186 102 95 141 125 20 185 69 125 95 43 124 174 2 48 2 120 191 39 87 133 83 67 21 74 141 154 92 116 173 102 70 119 60 196 112 153 80 33 41 25 193 105 45 91 99 138 131 161 169 88 146 139 70 141 0 126 34 58 38 79 119 128 122 148 103 119 28 43 197 157 1 180 98 142 99 176 143 169 175 46 178 187 110 147 95 33 39 34 174 99 189 76 121 148 129 83 32 13 13 118 33 113 119 107 72 105 160 22 10 166 97 88 53 18 50 91 50 45 95 124 150 189 108 181 198 45 67 35 125 148 91 78 171 70 94 53 91 127 145 141 164 23 83 55 180 37 19 99 48 185 124 35 45 176 55 71 188 104 79 138 108 22 63 189 149 112 195 127 155 183 98 187 158 11 18 51 78 135 131 154 189 38 17 172 69 184 97 50 3 0 197 134 73 120 37 93 61 164 103 74 112 119 199 25 128 148 95 91 132 28 83 41 134 87 102 192 77 60 167 99 140 166 149 116 139 135 41 73 21 132 167 68 75 98 14 62 53 120 34 56 147 192 52 162 198 43 84 18 25 125 57 182 107 130 62 136 112 119 196 106 187 68 91 44 177 172 136 50 55 178 104 187 99 179 97 43 173 42 25 11 183 102 89 161 125 179 179 96 180 151 173 144 105 69 72 32 149 155 167 95 178 141 50 134 78 82 114 87 140 177 106 194 155 143 88 91 169 119 74 120 199 117 35 77 189 70 169 178 174 103 60 187 61 16 118 2 125 131 162 168 34 103 109 66 166 98 184 181 195 68 39 76 50 84 118 95 100 145 96 50 124 76 42 72 116 33 78 126 171 113 194 147 3 155 83 127 132 65 23 109 151 123 192 145 87 22 48 73 15 19 177 160 135 83 187 49 146 121 0 158 178 186 38 31 12 19 0 196 142 159 0 161 85 171 161 55 62 174 156 161 149 120 83 124 25 106 62 53 161 92 139 81 75 31 48 132 50 89 43 104 124 154 179 172 123 72 2 166 36 179 78 53 81 39 40 66 178 170 43 85 42 130 76 34 135 112 66 22 192 135 120 196 147 104 83 106 155 42 80 130 199 179 95 180 144 82 40 63 21 66 107 184 119 30 16 31 78 91 164 2 116 182 100 79 154 6 22 28 126 70 57 5 193 196 89 144 0 196 82 100 174 96 59 126 17 160 20 45 30 168 189 185 126 25 28 35 68 169 192 86 54 78 143 81 32 22 36 108 86 110 33 82 160 49 137 103 191 114 75 116 62 166 120 3 61 163 25 172 92 63 175 65 108 179 0 3 161 155 145 83 194 166 139 143 83 31 28 43 65 172 71 24 87 139 148 35 118 183 106 2 171 144 92 74 199 168 179 65 53 132 115 20 116 151 190 107 56 101 75 72 84 133 93 79 41 129 28 22 107 75 125 38 45 75 132 198 2 173 2 180 46 23 162 83 20 110 101 59 185 28 22 67 132 57 34 148 151 5 21 105 93 55 64 122 22 9 5 0 170 51 113 193 115 186 27 90 55 59 17 158 83 39 45 81 188 148 176 15 21 109 178 13 115 188 38 111 118 28 25 161 86 170 38 154 81 48 116 155 6 27 160 8 68 126 61 67 18 157 122 110 149 34 46 89 81 169 147 179 185 154 2 122 185 120 70 173 155 192 105 83 191 148 189 110 178 26 125 50 94 183 68 182 6 170 99 33 79 167 16 47 133 81 25 162 61 196 154 118 3 155 122 115 194 177 105 178 175 103 72 126 37 38 189 50 90 142 96 38 153 121 3 29 73 197 61 69 123 103 132 36 173 31 64 190 112 25 18 159 155 76 80 123 33 58 181 46 72 109 180 105 190 189 71 25 0 104 176 36 53 19 194 129 84 170 118 151 128 120 153 111 71 78 142 172 72 139 96 182 97 54 45 89 178 106 152 143 91 40 126 147 144 190 151 93 44 199 118 116 24 64 107 67 100 67 39 96 58 187 100 25 0 198 3 140 83 56 39 31 35 132 41 45 180 65 174 141 68 184 178 144 97 27 198 73 98 43 161 56 164 157 121 75 188 156 125 118 61 69 103 133 3 28 91 75 177 186 169 123 174 128 161 128 118 89 60 105 132 52 20 35 86 138 105 186 49 95 85 102 143 166 133 34 89 82 192 149 124 87 196 7 67 96 44 107 125 53 84 31 19 28 192 107 31 122 140 0 195 110 2 181 175 101 184 100 71 112 80 35 151 36 178 37 184 123 102 76 22 72 122 3 178 155 129 34 121 80 137 124 79 139 131 59 163 96 61 95 91 101 53 34 107 196 101 114 26 168 92 134 169 72 61 6 157 145 60 154 181 165 58 150 145 113 181 158 14 56 181 122 192 111 119 192 67 138 47 57 105 93 174 113 3 3 157 182 158 43 195 104 196 58 154 145 185 69 78 111 58 99 123 29 66 192 25 166 7 161 169 172 32 85 194 21 190 76 33 81 192 124 28 8 91 76 32 121 197 1 161 136 46 111 0 196 126 32 61 58 128 50 57 38 81 145 0 48 83 118 89 149 3 22 116 80 105 155 169 32 165 121 48 32 28 50 31 169 29 119 105 35 38 130 96 131 89 120 182 153 123 99 154 78 24 43 165 61 69 34 75 191 65 15 31 57 62 198 120 49 94 174 139 132 86 107 40 110 68 185 192 113 100 141 72 196 144 128 35 167 190 83 46 182 99 183 172 114 0 3 156 198 48 190 113 129 156 42 92 66 106 65 52 133 88 112 57 81 41 34 69 120 1 110 98 62 47 86 44 84 20 40 78 95 91 141 3 184 60 72 61 111 24 196 69 20 161 168 53 112 1 168 79 192 197 155 121 33 15 19 72 122 47 184 59 72 96 53 93 173 62 114 157 14 51 169 83 40 193 187 170 61 45 178 169 198 118 31 43 73 115 1 123 20 188 38 36 180 153 103 151 189 62 167 36 104 74 98 144 106 150 137 73 189 187 71 57 75 105 176 137 46 79 132 156 78 102 175 156 194 80 50 161 190 155 77 39 132 152 149 182 59 107 2 113 29 114 30 7 145 104 69 169 194 158 121 112 189 3 159 131 83 92 140 155 147 33 166 35 31 166 142 198 140 88 101 181 3 154 139 62 36 170 181 95 105 92 147 126 98 53 192 154 157 2 108 153 118 62 132 56 145 142 184 122 33 38 134 3 157 112 179 8 8 66 90 44 37 121 20 13 159 162 181 98 146 155 117 69 59 63 115 141 145 137 90 198 131 1 135 45 88 81 69 113 189 156 172 53 175 94 180 166 63 50 61 69 112 119 154 5 24 110 75 127 34 171 162 30 83 139 139 69 109 84 113 182 98 56 150 38 129 160 26 58 135 101 193 104 56 151 34 123 88 25 9 164 169 6 58 184 146 139 89 73 176 22 111 196 109 131 112 19 180 66 114 139 141 94 142 164 24 158 128 122 82 78 91 173 172 138 84 91 64 173 84 134 42 89 56 75 44 176 44 137 194 69 194 122 147 102 190 128 74 126 177 45 59 165 144 103 1 177 96 133 41 160 118 186 69 45 96 68 113 172 155 178 72 44 136 104 142 85 133 161 51 103 47 118 91 153 198 95 134 105 95 47 132 148 55 50 87 128 41 136 39 65 195 0 162 169 114 58 182 105 98 132 122 100 139 26 63 190 101 185 109 102 134 107 157 168 63 99 188 72 60 165 168 128 102 154 0 3 159 24 22 31 145 155 98 70 34 86 171 178 126 93 124 151 120 95 105 125 91 43 133 78 38 187 126 148 135 92 145 45 64 172 194 56 46 50 45 101 57 116 146 95 172 180 110 27 115 33 127 28 115 128 72 177 129 196 43 169 16 188 150 112 29 72 94 51 72 44 77 109 141 81 114 72 106 68 94 120 29 115 156 144 181 55 90 52 111 105 162 54 176 71 64 42 66 59 120 38 127 145 157 135 71 125 43 69 137 155 159 199 107 104 128 134 90 155 7 17 53 109 122 74 151 114 190 75 50 45 175 196 115 96 56 120 181 94 75 54 107 0 22 124 196 139 171 51 84 136 126 76 40 114 118 71 122 143 161 169 20 171 185 149 74 130 69 170 145 135 72 83 52 134 122 36 56 179 53 4 144 46 87 126 157 119 99 70 124 186 112 42 171 35 41 90 177 55 50 95 107 144 149 181 107 111 139 78 39 75 37 182 28 22 98 82 44 126 188 70 33 42 133 141 83 111 91 179 106 89 134 68 168 38 31 22 39 33 151 170 28 101 15 72 69 56 27 114 147 107 97 48 79 188 191 104 156 0 2 141 48 65 114 37 31 66 181 93 132 43 168 196 189 195 159 197 197 172 188 73 55 50 127 78 59 161 14 39 67 168 19 157 100 80 193 61 22 84 140 71 39 47 82 161 172 44 80 45 199 2 119 42 54 94 178 128 122 186 193 161 197 110 67 169 37 179 45 128 114 144 50 55 43 137 3 154 68 194 79 22 68 16 158 95 128 136 43 41 86 140 174 72 78 150 36 65 110 28 125 120 81 135 80 62 39 191 28 37 122 45 70 28 177 103 93 146 89 20 64 135 196 70 138 83 196 4 52 59 29 128 122 128 55 75 42 60 61 68 116 197 91 172 43 45 61 67 20 164 95 89 132 95 91 145 90 133 56 127 40 155 146 172 155 153 125 153 188 110 91 54 191 52 173 25 78 120 183 189 181 164 93 198 198 159 91 146 103 57 47 183 162 57 50 43 70 186 68 46 69 71 28 114 79 56 5 161 169 36 174 16 29 161 196 63 31 28 69 127 158 0 186 3 153 189 117 32 71 107 151 126 85 111 119 82 27 79 175 96 187 162 3 125 74 33 103 22 126 52 174 64 165 197 118 192 108 58 162 16 72 189 0 195 0 46 54 133 74 185 100 137 59 55 34 131 128 140 113 148 6 31 175 85 139 143 106 117 177 111 64 109 112 28 40 95 48 111 53 190 111 26 17 22 34 165 156 1 188 111 74 53 134 83 139 131 146 181 119 76 178 191 195 91 49 189 118 77 119 15 157 161 169 28 37 151 111 63 83 45 102 67 180 32 163 145 141 86 129 43 50 48 138 157 12 32 62 108 74 116 154 186 144 85 119 190 39 33 164 151 135 87 124 38 72 78 72 117 141 145 87 118 39 80 16 24 72 76 191 175 95 144 110 154 107 141 85 40 98 147 190 132 61 166 178 103 110 159 23 116 79 124 36 185 108 177 3 170 145 84 41 142 1 111 186 116 36 181 38 176 33 101 145 148 50 159 2 145 111 119 86 141 146 194 187 102 137 167 140 77 120 156 179 104 130 33 59 100 62 164 149 56 17 54 66 119 50 82 169 111 67 152 135 139 47 1 155 5 167 109 105
401.701480 meters