file sh-116.jpg
nails 200
imagesize 150
populationsize 100
elite 20
genomesize 3000
mutationcount 0.001000
mutation 0.010000
minchunk 0.200000
maxchunk 0.500000
iterations 10000
stableiterations 10
goodgenerations 100
burst 0.000100
threshold 0.030000
ring_diameter 220.000000
thread_diameter 0.050000
save_every -1
history_step 100
---
3000 0.050000 220.000000  79 104 192 125 107 57 55 122 128 45 170 184 179 172 192 100 141 61 68 112 59 55 92 51 196 51 112 66 137 165 192 142 180 28 183 191 148 154 102 185 61 163 30 71 105 95 120 33 59 184 72 42 182 104 47 99 22 93 111 139 136 81 33 178 170 80 156 25 83 130 167 15 57 152 18 172 166 45 129 177 21 71 120 3 108 199 152 85 178 160 110 53 27 110 54 85 137 50 131 57 19 164 77 191 107 43 88 121 67 59 50 132 122 161 33 168 122 128 49 178 188 74 50 45 169 146 146 178 28 125 90 182 146 187 96 182 133 110 3 1 175 77 50 134 183 43 37 13 22 179 85 28 40 116 1 184 108 69 41 127 114 162 197 106 53 97 28 31 159 153 78 31 22 19 75 78 62 92 129 73 142 145 75 89 142 88 127 86 151 182 60 192 110 26 15 24 112 153 95 183 168 68 143 33 92 50 61 46 124 49 87 174 134 56 85 195 37 13 47 122 96 152 121 41 133 66 169 53 184 144 199 115 75 136 141 82 136 132 86 93 129 76 108 190 98 145 64 186 105 40 125 35 31 61 116 29 32 75 197 67 136 128 60 150 186 70 153 185 96 107 2 40 136 187 75 116 57 179 15 8 150 181 87 101 56 20 55 77 27 158 154 146 78 129 19 153 105 144 91 140 188 191 23 46 102 133 91 95 113 3 148 146 191 183 29 107 65 15 31 122 72 116 179 98 127 152 151 145 188 182 24 64 116 147 146 92 133 71 32 41 179 150 39 94 107 3 165 175 47 78 72 100 184 103 53 160 20 154 151 94 109 198 1 112 187 31 107 105 136 177 56 25 32 85 22 56 151 93 117 157 148 2 154 111 117 0 161 120 78 40 98 152 75 142 110 145 142 80 169 71 152 5 151 96 159 108 77 38 3 105 158 183 148 96 104 149 155 135 157 111 190 75 186 182 138 128 131 175 56 102 105 160 199 56 91 100 49 91 172 46 169 26 68 150 109 192 146 185 94 44 137 126 28 22 28 78 189 189 65 81 72 151 3 149 37 83 172 82 35 86 146 35 72 78 50 16 26 64 104 153 145 72 28 109 87 136 179 18 36 85 128 4 153 93 66 54 172 124 71 122 113 124 86 93 152 157 22 101 187 44 69 191 104 78 44 25 13 19 72 156 104 69 34 39 31 14 51 184 136 42 97 64 30 158 159 29 127 169 39 176 130 55 107 160 128 134 95 105 187 186 104 54 39 91 52 18 28 160 26 123 82 45 102 65 113 119 122 83 90 23 92 97 105 111 119 28 31 141 132 125 26 172 137 88 71 115 161 116 110 76 134 53 127 40 152 133 180 117 34 14 60 136 173 125 70 137 114 163 128 75 20 124 161 35 41 177 121 57 117 102 180 97 174 48 178 96 45 167 18 153 57 130 174 94 184 115 62 128 172 126 127 35 59 183 150 95 51 159 11 38 167 61 134 41 105 28 158 182 180 99 186 187 89 151 117 31 105 140 2 6 33 118 79 170 121 30 49 121 162 115 135 96 58 178 25 19 25 5 170 135 93 78 19 72 169 79 72 52 196 0 114 95 142 77 137 56 176 75 144 89 82 30 9 151 71 127 68 86 180 112 61 109 182 69 16 71 136 113 28 82 133 144 3 145 87 137 57 34 67 190 154 176 40 131 82 39 31 68 122 41 77 169 37 71 26 67 126 76 187 142 6 45 135 60 33 105 65 143 3 172 179 33 61 137 182 149 87 122 30 125 172 184 97 31 100 115 84 149 174 41 15 84 75 135 61 69 23 154 91 177 87 67 168 4 2 146 147 3 129 51 164 122 113 101 179 57 97 132 48 89 46 128 40 81 20 45 21 109 159 14 72 141 78 137 89 82 125 132 102 152 122 126 89 81 75 121 101 181 175 93 180 146 139 92 118 57 87 140 111 119 63 37 165 125 37 163 60 82 15 158 173 84 108 66 165 11 47 22 35 117 59 151 92 174 90 132 76 31 192 79 123 150 187 124 2 166 64 106 59 62 107 115 156 99 151 199 97 49 138 193 28 86 86 145 189 108 197 54 126 0 103 31 186 146 93 89 148 74 55 80 117 55 61 26 127 76 169 46 95 41 173 86 168 64 107 112 164 126 93 198 170 73 49 179 172 178 173 137 109 161 59 191 145 54 131 139 65 129 39 37 31 175 71 193 115 58 87 180 26 66 128 135 168 187 107 78 83 139 48 175 129 84 178 186 162 117 187 106 80 170 192 90 179 172 17 54 102 182 59 55 103 151 91 43 55 50 107 111 107 86 60 50 23 55 188 98 74 14 142 172 37 60 183 104 168 44 159 3 153 192 11 31 98 142 61 28 118 144 145 154 19 21 60 28 40 179 175 41 90 53 136 62 132 42 67 167 68 130 30 14 19 166 52 41 87 35 17 158 133 108 22 79 133 50 99 61 149 34 55 173 166 182 119 163 38 56 152 22 113 128 197 112 73 128 34 73 136 55 59 65 29 87 154 16 53 148 114 142 69 56 189 182 154 22 107 183 93 170 39 78 72 153 97 103 140 183 69 170 46 75 93 51 88 81 146 152 155 179 103 125 170 78 41 11 156 28 83 54 108 28 116 39 75 79 30 61 157 158 111 118 36 64 120 28 176 43 84 29 168 25 175 83 145 130 50 123 148 198 117 197 86 40 100 187 44 136 183 133 94 89 81 91 59 101 180 164 163 109 183 163 166 118 152 0 35 53 71 188 181 171 55 140 139 50 45 28 56 34 93 137 72 93 40 172 95 103 105 46 119 79 50 158 1 151 106 66 142 64 139 25 184 156 160 111 165 28 163 185 71 33 77 30 100 183 98 191 15 42 180 59 22 164 108 153 20 48 129 69 17 64 85 151 11 58 82 44 90 50 135 177 48 39 163 169 108 44 5 5 163 113 196 153 21 17 67 92 180 89 39 41 24 105 22 28 107 120 94 183 137 49 175 89 30 146 1 180 147 0 116 50 105 109 62 15 19 22 71 42 183 145 192 136 41 91 62 68 24 110 99 75 86 21 105 156 0 121 110 157 155 151 7 152 120 75 132 39 166 72 188 182 128 104 29 24 115 60 110 193 139 122 112 148 179 172 164 196 87 72 84 47 35 80 101 191 165 40 99 57 31 161 192 122 105 102 22 19 51 97 85 177 133 72 34 126 78 84 177 41 81 144 139 0 146 132 59 96 43 103 131 173 24 156 15 50 29 78 57 149 80 133 53 175 70 128 176 57 162 90 181 105 190 188 29 175 85 149 1 2 135 89 99 188 70 142 191 121 160 115 150 56 50 45 62 186 106 21 158 44 169 21 154 1 122 93 20 150 86 22 171 81 72 105 34 84 142 89 31 3 157 108 105 161 125 122 110 151 97 111 26 1 164 113 199 31 116 86 63 187 182 61 69 72 93 199 0 13 40 25 126 128 108 34 127 4 145 171 64 59 23 177 99 72 149 94 53 89 81 101 53 91 96 32 95 93 105 199 28 62 162 95 91 107 154 100 160 117 1 41 47 176 169 1 99 53 187 98 138 132 116 48 193 0 149 117 68 114 125 34 22 61 84 176 155 16 48 173 133 114 109 82 24 176 94 146 3 119 72 61 165 136 89 83 197 140 74 103 195 52 128 179 118 0 2 150 190 104 196 36 123 125 115 132 67 19 33 74 24 123 2 25 20 88 179 66 167 163 0 195 81 192 47 138 65 35 123 103 172 177 74 15 39 35 70 130 127 46 190 191 198 92 41 62 82 140 59 104 166 67 31 74 128 77 124 197 110 62 187 97 25 59 1 113 161 168 35 182 153 15 45 25 62 182 61 184 133 61 37 130 145 183 90 139 112 119 76 47 190 113 51 121 92 185 137 86 114 28 46 12 47 45 99 28 103 41 130 62 129 162 31 29 113 150 93 38 171 182 113 87 39 31 50 159 184 70 170 24 189 110 172 93 115 66 78 136 176 141 193 191 109 68 59 192 121 139 82 69 100 133 49 193 149 86 51 132 72 15 165 149 4 121 169 190 78 72 68 129 184 43 66 125 72 90 194 80 27 79 157 106 183 73 121 98 57 95 104 125 68 105 135 173 9 45 22 75 27 55 21 90 187 73 33 198 145 197 174 91 22 156 73 114 187 21 25 73 105 114 166 124 100 67 51 28 22 153 86 49 41 66 166 148 35 68 96 172 178 139 70 101 66 189 81 170 166 125 94 33 145 79 112 42 128 121 69 90 54 29 118 3 3 3 180 67 29 176 172 182 94 136 92 183 2 160 24 197 90 134 43 50 58 152 116 139 131 117 165 144 176 48 80 53 140 63 115 82 36 167 191 83 43 10 150 84 69 172 130 33 107 40 92 53 135 64 164 115 188 116 82 146 197 39 84 132 128 151 83 50 41 18 69 72 26 9 159 21 81 51 126 156 28 197 114 93 48 15 54 138 71 172 192 167 139 145 149 95 182 92 25 120 118 45 188 172 164 167 39 97 156 116 187 30 115 119 57 140 144 174 3 177 115 134 78 45 53 34 123 94 199 3 156 19 82 143 170 122 114 25 163 169 175 126 61 27 177 101 60 30 90 43 70 30 119 162 2 137 180 60 164 24 111 196 197 37 111 103 156 192 144 86 91 122 104 151 111 119 95 105 45 50 127 171 164 63 26 140 137 80 78 192 150 154 18 188 63 18 72 55 50 94 65 116 4 138 78 72 29 28 157 25 22 51 182 178 99 136 139 85 191 100 188 1 172 169 124 167 116 116 198 36 79 38 31 66 71 187 26 163 197 53 98 115 2 198 112 47 133 141 85 148 81 48 126 163 180 148 193 152 115 163 159 26 155 128 122 167 78 88 154 25 158 130 92 69 27 166 156 153 98 141 140 184 110 69 28 19 62 101 24 84 144 99 189 57 22 28 79 81 132 98 49 60 94 177 140 140 93 132 64 129 129 34 164 177 95 31 41 89 120 191 97 107 139 132 103 117 28 22 73 195 110 179 100 95 116 115 15 15 32 74 136 79 39 165 91 186 144 93 142 145 122 149 1 109 111 107 161 45 65 165 169 4 69 25 166 194 83 96 72 57 26 3 116 157 31 55 46 87 78 25 37 89 29 56 120 68 140 84 124 34 3 3 103 95 92 36 166 62 68 30 195 88 150 6 147 184 62 122 115 50 57 109 156 153 0 10 41 45 124 79 23 179 91 33 55 113 139 58 150 101 46 117 69 128 176 134 128 153 169 15 44 153 57 175 173 85 150 119 197 149 91 64 123 172 148 92 176 174 133 59 138 86 104 96 175 109 176 148 105 154 4 137 52 109 38 91 175 156 175 107 88 139 67 37 151 139 132 1 150 37 148 82 41 120 115 3 134 40 88 55 50 57 24 12 50 180 2 129 41 4 172 74 189 101 137 47 173 145 151 112 194 85 29 26 177 131 2 128 168 164 29 156 191 0 197 176 114 111 119 128 122 112 3 0 0 100 93 70 45 95 76 137 73 111 1 152 143 187 184 95 55 139 2 149 129 72 102 135 76 111 114 76 139 190 77 56 148 55 108 85 41 123 47 54 188 108 23 78 128 103 20 25 107 197 167 87 126 78 89 84 40 22 125 38 32 65 130 44 188 93 46 120 90 166 17 153 191 112 25 172 166 199 55 59 78 179 99 150 0 123 55 174 47 55 187 167 34 51 17 47 172 178 172 175 40 28 5 148 148 37 126 21 92 85 15 151 186 122 66 46 39 85 172 21 57 177 34 116 112 174 72 107 135 98 178 181 88 136 186 98 101 140 75 188 102 179 164 39 173 138 171 46 90 61 20 7 167 79 143 154 155 103 181 32 93 128 173 111 156 148 186 54 38 86 140 97 186 116 46 92 161 169 172 105 49 112 62 139 143 64 60 181 94 25 21 62 104 51 136 90 175 183 150 152 186 149 6 42 73 144 2 110 162 61 140 166 78 87 20 166 41 102 140 115 47 94 124 144 80 22 16 21 181 135 92 153 110 64 3 137 41 176 93 184 75 101 68 89 81 140 4 150 161 169 126 40 137 54 45 67 129 59 179 49 15 187 192 143 0 36 122 89 28 189 97 146 149 191 29 81 44 17 41 45 137 100 151 90 186 45 36 173 122 86 135 128 134 83 91 176 191 193 81 72 186 143 142 96 40 41 45 83 110 45 34 47 171 28 128 137 139 181 145 133 116 35 134 179 95 132 36 130 122 141 81 72 117 164 175 160 34 77 114 64 187 140 119 128 136 57 49 176 90 115 69 197 53 73 12 150 89 54 133 62 165 21 197 54 198 156 18 46 109 50 46 100 156 30 80 21 108 64 118 129 44 12 23 174 56 59 137 131 81 171 132 72 187 181 191 195 0 112 75 81 135 52 183 61 69 39 50 20 182 181 175 92 125 54 79 132 41 2 0 133 188 64 127 81 35 131 67 28 22 41 57 104 187 145 134 172 0 188 56 129 132 34 159 28 17 196 65 13 155 154 150 139 131 179 138 75 41 84 36 41 125 140 80 91 156 27 62 2 126 53 132 186 76 124 39 92 143 81 156 107 1 60 165 25 111 52 81 30 75 189 142 105 194 62 125 118 31 182 105 55 132 109 122 128 166 121 63 126 191 106 69 137 175 8 40 171 139 170 19 89 93 113 46 16 17 164 127 102 21 48 115 92 64 75 125 2 120 190 144 146 157 29 101 57 55 67 115 109 0 196 53 168 27 20 173 144 88 65 173 139 69 19 33 129 96 123 88
407.909275 meters