file sh-116.jpg
nails 200
imagesize 150
populationsize 100
elite 20
genomesize 3000
mutationcount 0.001000
mutation 0.010000
minchunk 0.200000
maxchunk 0.500000
iterations 10000
stableiterations 10
goodgenerations 100
burst 0.000100
threshold 0.030000
ring_diameter 220.000000
thread_diameter 0.050000
save_every -1
history_step 100
---
3000 0.050000 220.000000  158 4 172 105 160 123 75 69 59 11 46 172 47 174 174 131 31 195 191 191 135 53 100 107 87 27 56 150 58 114 110 172 81 21 108 70 90 114 100 0 198 54 118 70 113 137 95 184 112 139 54 115 79 147 99 144 184 184 140 191 187 44 111 156 106 127 151 146 124 152 84 51 136 79 81 107 32 50 39 199 191 77 142 80 58 103 58 182 22 24 109 131 55 171 133 110 190 155 27 129 75 116 164 181 59 74 110 113 199 110 42 76 139 135 88 78 154 71 30 88 154 59 13 47 11 166 185 147 6 4 41 105 65 172 134 165 192 104 120 122 128 37 89 51 14 47 173 185 62 43 50 139 4 151 172 124 38 125 26 59 21 76 78 192 86 136 134 110 54 45 23 114 83 149 97 69 103 194 120 199 130 112 151 152 96 186 181 28 22 199 199 199 146 180 41 49 89 81 68 140 185 73 53 87 115 122 91 151 102 41 183 62 165 4 3 139 192 159 116 45 125 39 33 32 62 80 35 131 127 4 148 116 79 51 149 0 146 154 95 105 27 98 137 192 172 95 57 110 98 188 65 50 56 78 31 34 164 122 185 32 128 87 44 81 59 121 49 66 109 190 93 60 165 3 121 63 173 129 31 101 166 120 61 102 64 170 69 127 73 48 173 22 18 120 62 97 168 122 57 54 21 153 151 191 29 25 111 127 108 164 63 109 197 53 184 138 79 26 18 25 154 123 32 12 45 14 157 187 61 71 16 40 134 54 84 148 83 79 38 29 77 46 106 36 161 111 197 108 190 120 93 92 187 107 83 55 50 134 138 78 191 147 197 137 60 181 102 183 139 89 128 68 86 141 190 121 61 26 157 106 20 41 178 100 73 129 28 61 22 25 179 149 68 133 140 139 70 184 4 154 105 62 61 25 19 107 148 92 19 78 25 155 113 27 51 112 67 149 75 81 34 31 163 159 28 116 30 22 89 42 181 79 31 199 151 129 88 40 92 47 122 64 117 163 62 77 49 20 24 192 191 188 63 27 156 139 132 169 122 127 195 111 191 104 32 57 55 94 176 56 67 15 108 103 151 176 49 129 180 38 89 83 134 103 23 171 178 28 10 41 166 53 131 137 85 147 95 99 42 129 171 122 172 164 39 197 85 37 20 166 175 159 8 151 157 31 105 190 104 84 172 83 104 40 95 47 119 109 68 167 84 24 30 119 128 177 108 156 80 46 16 39 132 90 174 134 184 79 64 187 97 176 137 133 170 148 98 152 50 98 191 58 120 95 112 115 49 128 164 172 178 88 111 56 103 190 107 135 182 20 114 80 53 103 103 106 141 9 96 146 191 114 180 98 105 95 34 160 111 107 53 119 127 35 75 189 106 3 5 19 80 131 74 19 28 59 89 39 166 128 62 86 149 159 151 147 32 69 130 175 116 1 102 199 179 172 118 92 176 57 101 102 107 111 73 65 18 177 98 46 170 135 102 144 194 124 2 32 116 89 120 32 176 6 151 3 144 88 49 140 87 136 134 41 133 84 177 93 175 188 99 140 174 170 88 62 72 186 165 148 182 52 89 75 145 4 142 0 133 88 23 196 111 49 178 136 93 113 124 88 136 109 186 61 126 3 169 165 161 106 56 138 193 185 178 169 180 86 173 55 113 192 100 81 57 23 159 137 164 89 36 129 157 156 166 87 52 21 29 64 190 159 26 128 88 122 192 195 4 4 170 143 184 52 102 117 70 18 156 120 4 2 132 178 170 131 148 143 79 33 74 72 59 178 49 172 64 108 58 135 163 115 46 69 191 109 92 42 71 67 35 195 194 164 167 194 100 161 124 128 152 145 85 122 166 46 169 159 109 135 181 180 67 34 71 78 128 45 109 178 147 89 98 187 178 171 47 57 30 117 51 16 40 199 184 74 36 24 56 115 38 162 105 167 123 90 122 33 147 81 72 61 182 69 185 44 136 138 77 50 57 100 152 75 62 93 187 140 59 94 96 112 90 140 93 78 139 82 72 78 39 24 182 104 146 153 70 142 105 95 182 147 87 71 68 33 114 119 2 61 110 147 112 159 159 102 185 15 99 151 86 29 89 57 61 14 72 55 103 195 73 23 108 137 79 108 159 95 181 103 83 23 122 125 63 185 4 36 86 57 114 164 18 74 100 41 14 19 129 122 87 41 41 13 43 103 133 61 72 18 64 99 74 87 29 82 92 179 86 83 33 61 57 55 50 12 178 89 20 72 66 166 140 69 122 111 109 140 72 114 28 192 161 120 114 70 43 59 52 86 129 46 101 33 120 53 36 62 119 39 23 104 152 0 117 27 116 152 154 103 94 127 179 101 161 33 22 164 60 113 182 177 115 69 79 27 62 194 4 150 7 11 16 69 121 91 177 176 16 59 192 154 122 34 107 141 181 23 17 36 120 163 164 168 133 177 42 130 83 34 176 95 183 43 128 149 90 192 149 93 139 187 121 165 142 115 3 31 97 58 16 173 144 116 3 167 185 125 109 112 78 32 167 27 75 50 55 117 44 5 191 59 180 182 42 75 137 124 34 54 75 58 190 97 50 105 60 184 139 134 67 139 85 41 132 172 78 33 8 149 185 133 75 88 152 119 69 95 170 30 121 171 81 141 172 103 59 127 17 153 101 129 98 145 191 169 105 22 18 49 54 170 147 122 199 142 96 190 172 199 27 46 30 80 81 124 168 178 50 17 30 115 192 77 20 4 122 46 50 159 88 134 72 175 139 26 122 112 85 150 95 42 67 166 166 2 170 128 46 91 92 143 65 88 164 11 56 109 199 107 66 152 93 97 42 132 78 75 124 171 84 100 96 44 130 48 176 133 86 49 103 32 22 170 156 120 35 168 69 172 164 16 18 55 199 133 74 148 17 93 33 25 175 165 113 92 199 152 18 52 135 101 192 47 100 187 63 104 127 173 96 98 156 74 13 39 45 38 82 54 106 43 89 81 193 82 122 53 137 92 89 99 143 149 155 28 88 174 114 166 28 194 189 184 101 66 165 61 55 50 194 109 69 78 194 112 133 141 83 27 20 180 58 178 96 45 167 90 86 178 4 162 61 181 178 101 62 161 31 90 41 83 191 184 69 107 111 80 175 90 38 4 119 167 39 50 45 102 70 129 63 60 98 79 40 173 142 148 192 26 71 188 73 132 149 37 170 14 60 64 106 190 46 21 100 67 74 43 46 86 81 114 43 47 174 142 156 124 197 33 198 93 147 53 139 107 160 51 128 119 148 173 87 174 89 148 198 54 137 57 98 183 122 119 45 9 164 132 50 123 48 24 163 37 41 116 52 159 119 149 151 122 131 60 182 105 145 92 54 62 16 166 86 138 53 127 81 33 33 45 16 156 20 174 128 41 136 192 126 89 72 34 123 144 187 190 144 86 66 122 30 24 78 152 4 164 32 158 24 111 54 26 94 30 167 36 15 169 70 126 36 85 179 49 11 151 116 133 42 17 159 158 7 42 71 152 6 149 3 137 40 175 172 111 179 49 57 24 167 34 128 182 178 56 89 32 45 55 50 133 146 98 158 108 174 117 77 156 103 67 179 66 127 3 42 36 162 166 4 177 88 173 178 75 32 22 134 36 58 60 118 164 78 187 187 14 28 160 2 198 23 9 3 120 70 38 95 87 55 104 47 107 43 92 56 99 178 149 145 181 68 142 139 147 121 57 177 41 33 104 20 154 109 51 187 0 127 99 93 151 152 118 122 119 37 81 105 124 72 156 29 106 61 108 140 116 157 4 155 108 24 64 165 39 166 156 95 105 113 77 79 129 124 84 176 109 3 105 77 134 60 61 59 179 175 107 25 18 169 92 198 142 75 147 16 78 159 33 167 22 176 182 140 75 46 105 180 23 172 40 15 50 23 167 127 56 199 1 164 191 108 75 81 39 88 115 161 59 116 140 177 94 96 32 60 94 133 187 77 51 182 134 93 153 163 38 131 172 182 108 157 21 16 193 142 88 46 43 139 77 120 188 75 22 29 122 18 45 53 112 190 156 104 88 83 175 153 11 156 156 3 163 64 140 88 180 50 95 187 147 140 103 38 66 196 26 56 148 174 26 112 196 91 48 177 172 168 7 156 112 64 152 125 164 124 79 21 159 3 131 61 57 39 87 184 29 127 49 159 101 180 147 174 133 64 136 62 156 23 154 87 82 78 141 112 164 36 198 69 131 137 182 42 124 25 47 99 186 22 156 175 177 56 50 94 185 177 131 167 79 148 103 157 156 157 3 114 145 54 52 136 83 144 81 182 157 15 18 77 34 22 100 109 22 31 4 135 75 187 105 191 162 25 41 129 116 44 101 93 72 131 105 175 27 70 72 78 102 76 130 166 1 32 26 176 47 111 194 37 31 22 25 168 68 135 80 183 106 110 195 170 138 171 125 32 175 154 100 25 65 121 71 78 58 179 172 178 85 87 179 78 149 55 104 194 147 140 26 164 29 116 196 140 66 142 189 56 136 175 127 33 119 133 104 106 25 156 110 45 81 149 152 12 24 176 31 32 70 54 128 95 112 29 48 99 180 93 105 95 94 199 147 190 188 45 89 146 192 61 183 60 38 35 166 78 88 150 131 79 48 37 57 105 158 25 42 40 78 133 54 175 48 97 156 28 104 148 176 99 139 161 123 36 32 49 95 22 55 19 101 154 5 0 58 76 119 162 26 172 82 23 28 21 105 54 172 28 128 142 102 122 79 145 171 28 22 28 117 121 93 53 106 152 92 52 13 158 127 91 167 66 96 100 137 47 127 115 159 3 178 189 109 127 171 172 180 100 62 30 34 82 146 3 199 116 135 165 110 152 3 112 178 125 134 166 112 49 119 54 114 45 33 112 197 116 191 33 194 83 30 164 21 124 26 56 98 190 175 178 34 56 18 36 92 182 97 189 57 151 89 134 39 76 178 176 172 18 71 139 189 62 166 118 35 50 41 77 136 164 166 190 167 64 115 2 129 175 88 149 152 101 78 120 68 28 113 45 169 119 66 116 106 167 199 72 115 176 83 198 147 0 122 84 95 178 172 70 28 185 130 173 142 186 98 105 105 89 50 16 167 115 164 185 97 78 72 78 36 78 89 85 146 193 168 46 25 70 72 78 34 129 112 171 190 102 104 183 167 184 43 19 95 152 131 184 62 123 81 170 80 144 107 115 71 187 101 89 48 51 91 129 67 30 182 103 147 145 183 135 94 89 84 40 115 165 188 55 109 95 75 42 36 195 101 71 22 59 33 91 22 198 89 131 40 1 152 121 19 57 73 119 40 76 189 118 71 125 74 39 69 27 107 198 148 140 120 196 52 26 155 185 124 59 152 70 187 116 18 154 108 0 103 180 102 55 174 131 140 63 163 127 125 192 97 79 192 192 151 145 141 137 55 125 51 47 131 51 29 175 56 81 23 110 162 138 191 107 110 197 106 111 67 51 196 4 42 15 39 124 101 93 87 152 21 177 87 24 66 17 21 62 93 39 20 168 22 25 67 118 188 179 133 77 38 70 130 36 83 28 22 28 111 33 130 80 108 34 64 23 52 129 94 146 83 50 45 94 39 31 14 151 38 93 176 140 1 60 54 136 61 111 109 60 185 88 148 193 110 49 185 137 111 105 97 13 48 66 139 12 28 78 88 69 91 44 159 22 24 180 87 89 175 198 115 15 153 109 57 190 87 47 120 105 199 26 69 49 29 103 51 51 183 176 41 57 133 80 107 133 53 20 16 33 106 57 17 98 0 170 130 85 53 115 96 21 90 24 112 71 137 199 1 155 174 41 93 46 99 185 51 24 80 119 190 33 124 37 117 117 4 69 134 52 148 82 142 64 84 142 176 21 50 43 152 85 16 53 98 104 186 151 124 166 65 83 16 135 45 92 156 17 119 63 25 19 153 190 75 89 109 77 162 102 160 45 90 176 128 123 198 55 134 59 137 116 163 189 108 196 75 114 25 72 187 187 106 72 137 45 131 179 100 95 84 28 72 136 180 138 75 64 97 36 147 137 179 99 93 116 190 148 106 35 87 119 161 159 173 21 68 18 88 106 175 47 74 109 105 73 13 12 198 191 165 25 142 180 126 175 132 70 133 41 103 28 18 187 54 57 52 109 173 56 122 115 62 130 4 147 77 164 61 184 178 172 1 124 122 40 127 176 73 21 64 110 86 143 145 192 124 133 56 116 156 0 104 66 91 106 50 58 131 78 53 28 65 30 157 88 33 21 98 49 80 68 137 3 110 50 127 55 49 90 181 94 53 20 73 111 111 152 105 146 90 152 57 115 162 60 102 72 133 142 63 42 127 191 187 73 60 180 42 82 171 184 93 23 123 52 167 38 84 15 194 184 141 139 60 112 72 78 107 71 31 179 10 156 73 151 151 151 170 24 93 131 137 87 23 94 184 110 59 75 56 101 122 36 148 78 81 28 66 92 96 27 78 54 138 83 140 153 90 131 182 152 165 109 185 185 96 36 119 136 100 191 101 156 118 18 153 3 3 176 190 150 170 46 54 97 152 102 105 109 18 75 121 169 167 136 105 106 151 190 194 85 199 114 1 109 32 121 115 93 28 180 155 116 71 24 22 107 3 3 3 118 162 58 139 179 57 175 124 47 190 139 133 173 137 80 128 65 103 184 179 76 98 85 116 4 149 191 152 16 24 156 194 80 60 87 196 3 168 71 127 143 108 46 14 68 169 26 85 21 91 125 199 93 92 64 36 79 86 49 126 168 83 118 0 109 139 199 199 0 111 114 66 172 128 30
407.919985 meters