file sh-20.jpg
nails 200
imagesize 150
populationsize 200
elite 20
genomesize 2000
mutationcount 0.001500
mutation 0.010000
minchunk 0.200000
maxchunk 0.500000
iterations 10000
stableiterations 10
goodgenerations 100
burst 0.000100
threshold 0.030000
ring_diameter 185.000000
thread_diameter 0.050000
save_every -1
history_step 100
---
2000 0.050000 185.000000  20 56 174 115 113 162 116 94 49 104 195 143 66 104 61 146 101 197 69 136 28 20 128 122 56 50 54 172 126 37 6 75 179 191 0 69 20 4 163 144 75 54 39 123 161 126 49 27 25 189 61 123 60 38 48 100 42 99 157 114 128 56 193 36 14 163 15 106 116 56 126 20 82 117 156 102 66 144 137 177 145 100 77 4 109 91 26 94 67 145 95 91 183 27 118 122 89 107 162 117 28 101 33 139 183 29 130 166 3 49 31 169 122 132 29 129 64 114 119 35 69 72 141 172 150 185 0 188 107 161 118 16 105 58 109 63 111 126 64 197 157 97 5 123 97 45 156 1 163 105 95 107 65 134 77 15 78 138 131 143 168 123 196 47 168 12 26 178 149 93 89 35 191 93 91 14 112 118 64 52 1 122 178 156 192 115 89 100 160 47 66 176 157 46 26 45 132 173 12 74 148 88 136 178 172 133 40 75 153 190 47 27 130 194 57 12 76 121 192 166 194 119 157 28 3 95 87 129 57 35 47 30 183 191 50 112 34 191 89 81 128 128 131 66 100 123 159 91 185 31 130 72 2 195 100 91 52 173 56 120 28 134 24 171 110 169 50 115 188 152 77 143 147 82 187 157 136 63 28 118 199 104 80 154 43 128 135 170 125 38 63 176 138 82 135 60 189 183 85 11 87 13 19 107 109 142 112 78 108 130 43 94 105 31 41 28 50 171 122 190 104 73 123 42 92 72 19 190 22 170 1 68 122 128 24 89 134 58 113 23 76 102 68 43 112 83 11 183 61 107 183 143 114 54 50 109 162 11 41 23 128 103 96 158 197 20 185 164 114 25 22 126 30 181 31 107 53 93 32 188 191 29 180 27 9 169 136 59 72 83 134 68 59 198 32 123 58 111 164 16 36 137 72 106 178 29 14 182 143 139 133 100 69 65 132 165 126 74 45 31 194 28 177 147 101 80 135 74 197 36 31 188 143 178 162 5 108 160 179 60 137 95 150 188 104 74 68 192 128 139 94 60 143 171 23 107 14 77 118 190 147 65 198 94 29 22 174 154 91 107 71 69 121 4 74 147 155 157 130 112 199 56 10 138 168 1 24 175 188 141 43 60 119 45 49 89 82 21 104 18 46 105 53 108 134 163 112 90 161 12 39 126 59 31 122 73 42 79 46 169 19 25 6 165 128 173 154 138 61 15 168 174 24 72 78 9 36 57 78 180 160 112 119 155 85 130 154 78 163 10 20 169 127 90 184 150 24 112 137 110 67 139 148 108 178 153 115 64 25 93 97 163 13 162 154 126 62 57 115 0 73 63 137 68 141 62 31 128 168 121 80 184 31 29 103 198 178 31 60 187 109 64 130 150 84 132 132 71 96 60 121 26 26 115 161 186 32 28 89 154 185 143 69 87 51 173 8 128 120 73 136 61 68 28 175 23 172 1 159 157 94 27 43 72 91 132 79 8 69 122 44 97 57 63 198 7 68 130 125 57 48 91 186 90 13 194 158 2 167 29 90 134 10 60 140 58 94 193 5 81 162 14 117 150 71 20 171 21 177 113 69 64 42 23 40 66 118 50 45 110 111 92 153 186 34 1 183 63 134 99 74 23 95 73 129 169 48 96 29 52 55 194 162 114 11 73 151 86 181 137 12 8 78 152 161 166 125 6 54 198 165 177 12 43 188 149 186 103 196 91 75 147 91 157 100 87 143 126 55 29 123 136 116 142 107 112 89 182 31 66 147 41 101 74 143 97 190 60 106 197 57 74 180 154 128 101 132 96 8 161 159 96 112 190 88 150 183 195 149 67 126 151 154 188 183 154 132 77 139 115 127 163 9 190 87 151 182 82 39 31 37 10 100 106 1 109 105 86 14 172 132 25 181 61 60 100 159 113 11 116 83 151 163 6 59 112 75 41 61 130 26 183 20 44 139 65 105 95 71 112 81 139 144 123 185 80 6 160 2 37 62 122 92 150 178 72 147 155 148 70 82 19 112 109 84 79 151 164 15 180 30 61 58 193 97 188 28 198 113 109 10 81 184 6 73 39 8 22 172 154 180 1 14 64 18 172 140 89 183 12 163 128 4 159 157 132 125 60 195 27 112 117 78 72 15 80 17 76 179 163 115 166 148 68 144 109 161 110 7 99 66 128 45 50 196 33 185 89 81 20 96 105 97 28 1 118 56 14 170 23 130 7 54 53 91 43 55 129 40 142 169 118 147 69 71 3 115 146 71 147 70 9 81 155 2 54 118 128 122 26 17 95 81 100 54 190 121 63 19 124 39 87 29 186 92 154 120 115 46 80 144 21 183 155 122 128 157 96 192 157 107 41 129 109 110 52 121 166 13 181 28 45 41 8 11 170 47 28 22 124 156 118 103 32 43 67 142 59 57 113 9 12 86 154 159 188 193 98 69 150 82 4 190 90 56 112 60 2 146 66 15 63 69 13 112 189 11 40 20 172 178 20 21 109 182 21 126 51 103 54 97 59 190 94 18 22 14 79 180 112 46 78 151 13 118 36 39 69 3 179 113 55 122 119 31 101 13 136 82 95 128 59 107 18 121 161 100 34 193 95 135 86 72 81 58 107 69 112 62 79 49 173 150 186 98 192 25 95 61 134 171 155 88 139 60 36 63 140 71 4 31 94 41 70 117 159 101 52 115 63 100 70 134 52 107 149 72 124 0 193 96 69 71 144 89 135 64 54 123 142 9 106 68 36 1 54 178 23 112 52 94 152 182 175 26 188 94 1 164 11 107 8 57 118 158 101 155 112 26 119 168 80 40 116 121 15 139 178 28 58 131 98 120 26 176 141 136 84 189 57 136 54 58 116 157 155 164 126 72 10 166 16 189 148 143 76 1 72 138 80 123 37 54 139 145 64 63 143 108 60 198 180 138 34 190 56 31 31 134 87 82 17 99 82 124 31 28 91 152 82 132 60 27 177 175 18 166 118 73 139 58 17 79 128 25 154 23 109 128 68 38 5 178 85 40 52 96 56 52 109 197 61 128 89 123 163 74 128 85 23 68 125 115 22 112 128 122 122 64 78 124 167 76 111 160 105 198 173 140 168 20 43 82 109 45 158 105 17 77 97 7 178 17 180 75 79 52 3 35 190 52 41 18 194 176 150 98 158 175 138 68 17 176 169 192 95 63 194 97 64 132 89 157 5 172 53 44 101 9 167 18 109 157 123 150 72 132 55 36 194 99 70 108 176 13 164 143 178 170 128 139 131 22 194 164 175 139 97 155 79 105 157 87 147 124 95 107 155 114 112 164 178 71 142 22 56 136 87 44 40 72 78 95 130 44 105 19 28 38 80 79 142 126 159 130 150 157 104 68 108 138 56 196 9 102 195 125 28 131 122 167 150 147 78 66 1 22 87 122 152 76 180 157 194 101 196 118 69 101 157 106 64 119 13 188 66 121 153 129 160 9 0 160 196 102 130 167 15 48 112 73 14 93 188 34 60 16 84 91 64 195 54 107 80 149 75 68 132 113 163 119 75 94 133 146 84 154 115 61 125 56 82 40 112 66 194 100 52 118 82 175 54 32 55 0 165 123 50 28 19 188 30 187 123 68 93 95 85 189 109 180 59 33 56 54 5 99 52 199 170 22 22 86 144 174 18 35 198 142 76 130 91 188 20 66 107 68 84 188 183 8 164 141 145 106 162 99 191 154 136 42 128 73 148 153 77 0 157 112 74 37 52 82 148 94 147 89 14 116 73 178 77 55 4 184 92 26 80 139 132 111 27 63 139 131 122 66 14 39 118 31 28 25 174 109 56 61 112 12 113 65 145 91 78 140 39 85 147 90 78 61 132 198 56 58 7 161 165 14 18 171 187 33 194 52 77 109 8 171 22 75 67 143 141 137 66 87 153 82 78 90 54 87 61 142 179 193 125 77 180 87 77 128 122 110 156 194 53 8 33 3 163 188 82 7 159 94 61 69 54 137 101 56 175 22 50 177 66 89 30 58 127 96 190 189 87 83 137 79 181 153 184 8 81 44 78 84 118 141 145 168 178 8 108 64 46 19 21 2 50 54 115 74 96 191 14 118 61 69 195 0 74 8 38 72 143 82 155 197 190 157 198 108 52 171 142 119 15 34 187 7 76 141 139 76 147 137 77 22 147 147 109 57 117 90 25 40 78 72 145 108 22 179 29 62 131 128 122 101 60 60 115 24 109 156 165 138 172 166 124 194 98 69 178 182 87 183 164 171 80 118 26 199 192 33 51 122 188 108 163 0 107 121 16 28 22 181 81 153 102 143 85 66 133 88 43 79 39 198 154 82 98 93 121 57 174 150 74 146 181 180 139 131 175 142 38 88 183 179 74 122 17 65 108 46 28 5 41 82 186 142 110 80 10 27 154 150 79 146 162 135 147 83 188 182 27 128 134 139 132 69 125 154 41 89 150 105 10 10 112 152 83 20 97 16 96 122 39 147 187 105 109 158 93 64 5 190 89 60 57 180 140 143 103 158 97 6 137 131 150 87 115 147 180 8 176 22 26 132
227.848888 meters