file sh-20.jpg
nails 200
imagesize 150
populationsize 200
elite 20
genomesize 2500
mutationcount 0.001500
mutation 0.010000
minchunk 0.200000
maxchunk 0.500000
iterations 15000
stableiterations 10
goodgenerations 100
burst 0.000100
threshold 0.030000
ring_diameter 185.000000
thread_diameter 0.050000
save_every -1
history_step 100
---
2500 0.050000 185.000000  0 195 150 69 78 58 188 144 122 6 110 18 95 100 34 193 33 90 193 97 61 132 69 125 119 55 83 106 70 105 109 111 116 72 91 41 63 121 85 135 158 0 195 59 128 170 9 77 43 76 128 72 62 141 74 145 118 53 0 195 52 172 169 129 26 196 33 39 43 41 19 48 170 194 159 176 64 4 96 91 148 1 123 102 31 41 46 68 111 160 199 112 71 117 13 115 161 9 162 113 0 154 155 86 83 53 136 128 38 8 56 33 24 174 82 25 179 28 12 165 122 171 52 84 171 9 169 22 174 178 139 114 11 111 25 195 30 183 192 97 19 123 35 67 133 170 0 143 61 68 116 167 126 131 125 165 16 193 191 195 34 5 158 111 69 87 59 104 139 132 41 126 21 105 45 16 82 152 81 54 99 8 34 2 16 42 185 1 159 114 87 183 61 68 141 65 130 27 54 46 26 175 179 51 41 45 16 63 142 97 160 121 80 113 25 41 147 80 41 137 80 153 136 179 111 119 76 126 160 9 112 43 131 155 28 22 115 28 182 155 102 109 82 9 177 11 110 95 138 79 103 70 138 69 107 105 188 165 120 68 145 121 128 79 9 141 70 115 190 58 23 128 62 64 135 115 158 183 20 28 129 60 114 181 27 80 181 79 179 100 10 161 90 144 98 193 96 131 176 21 19 183 86 139 122 158 105 51 2 39 81 155 106 56 190 9 33 18 180 4 194 155 147 71 43 62 82 111 10 98 6 184 33 140 76 138 114 162 175 161 107 45 187 128 168 178 29 134 105 113 43 130 147 83 137 176 139 37 122 155 126 39 31 16 91 75 127 74 66 59 15 163 147 93 122 132 46 171 23 172 15 93 79 41 55 34 82 125 119 109 145 141 64 12 75 178 145 128 123 32 186 93 150 71 72 179 175 136 135 69 2 115 30 190 35 78 87 181 175 141 137 115 156 97 141 174 25 190 155 148 80 43 83 118 155 177 28 41 45 72 133 117 12 172 175 194 152 72 34 187 156 0 164 134 100 98 55 101 140 114 88 182 87 133 119 139 64 144 106 150 98 141 171 16 190 123 56 36 195 151 181 32 51 172 54 137 66 140 122 126 68 109 12 195 64 111 58 59 117 102 58 131 118 12 19 22 7 81 185 33 122 169 10 54 115 151 101 61 69 43 45 70 93 31 194 61 196 149 72 97 151 104 61 27 94 95 89 128 192 114 191 87 55 95 147 101 161 119 78 76 23 16 121 52 33 57 133 165 14 11 136 105 55 60 194 102 43 91 138 132 91 158 4 53 88 155 108 18 62 69 19 111 118 176 24 88 134 179 29 54 121 96 23 74 139 152 90 159 7 41 107 4 175 25 45 78 17 5 41 50 55 50 55 53 3 163 120 88 83 138 159 155 180 78 6 174 147 179 172 3 196 53 63 123 58 13 161 197 31 188 153 179 22 75 130 106 54 111 35 60 89 93 159 113 109 153 89 82 153 190 169 145 141 95 192 34 15 77 99 159 133 110 54 16 164 111 61 33 48 35 138 56 9 163 123 53 37 50 173 178 18 72 196 131 28 118 148 68 99 120 137 6 25 90 150 79 133 53 112 119 165 13 170 17 51 108 128 114 99 110 159 6 37 45 50 67 43 18 167 114 12 5 163 135 40 111 26 22 108 158 95 63 68 177 172 190 158 94 146 61 109 111 114 63 140 176 104 111 119 35 2 146 63 127 9 70 131 143 89 131 84 20 173 140 118 31 182 172 4 127 65 38 11 165 139 182 89 155 189 93 98 42 95 125 121 70 145 183 89 156 19 125 44 111 128 196 103 146 141 110 45 14 64 132 59 102 121 66 104 58 40 93 188 181 172 53 197 106 64 9 110 59 28 19 80 65 146 86 11 83 21 178 172 13 162 169 45 29 102 196 123 91 107 22 30 90 153 157 151 78 73 4 159 188 81 145 6 43 54 133 167 15 105 84 189 96 50 114 158 103 151 77 37 0 104 98 30 122 115 62 38 107 109 161 8 78 139 145 149 78 81 186 143 138 53 135 68 132 173 145 105 137 173 51 35 44 22 85 12 19 9 11 168 18 97 53 30 182 188 84 95 176 17 123 104 138 135 56 56 94 43 87 9 101 91 51 65 90 74 179 183 8 165 155 142 73 127 157 95 189 11 85 46 54 173 75 147 184 20 108 70 6 161 169 143 82 188 152 89 81 26 182 67 143 65 135 70 128 96 191 22 32 105 147 67 89 52 53 39 138 72 78 126 189 30 127 77 59 31 128 20 180 76 67 81 72 82 21 43 105 37 69 35 133 107 130 157 159 190 148 65 118 128 55 188 34 190 47 106 95 187 158 97 43 93 72 77 153 168 15 46 55 139 102 135 99 70 149 198 104 135 58 34 194 181 61 32 124 155 98 65 133 165 115 188 111 119 125 80 172 135 173 104 114 13 186 91 173 78 148 93 132 125 91 55 117 28 0 16 123 30 62 59 58 118 132 28 39 118 166 8 79 114 39 128 122 142 22 87 81 99 147 94 156 137 99 162 48 102 44 130 23 101 33 45 111 118 164 126 0 120 104 18 169 19 72 144 69 59 122 17 98 91 149 126 87 190 189 114 29 191 90 126 61 67 177 26 31 106 19 109 160 176 63 133 38 69 122 128 61 100 25 153 79 55 135 51 165 108 55 125 173 56 54 190 145 62 100 56 13 119 14 117 109 7 169 172 160 198 67 149 3 95 100 102 30 99 194 12 176 49 174 16 177 28 57 126 80 135 85 177 19 167 180 75 132 55 36 18 175 53 53 102 80 4 11 161 105 114 90 52 119 45 97 107 2 119 107 43 19 107 101 143 170 2 157 190 125 171 51 102 86 79 183 25 115 85 155 192 177 102 88 190 35 31 186 34 138 155 99 62 183 32 185 141 78 120 25 89 23 19 126 5 39 78 56 56 89 68 118 95 136 57 3 13 164 154 196 62 125 158 199 36 140 78 181 139 131 112 178 169 159 130 128 138 78 145 97 22 149 68 124 70 64 198 175 47 167 122 125 168 192 94 159 172 191 156 184 31 28 22 144 86 134 27 135 75 179 172 137 122 113 26 192 15 63 135 35 32 190 151 81 35 189 87 11 112 85 91 69 46 190 118 27 186 151 73 95 190 152 111 89 81 113 153 186 140 58 105 199 165 142 75 44 100 196 59 199 92 190 99 195 158 112 54 195 154 190 164 172 24 184 194 26 174 131 122 112 56 128 133 60 91 95 193 165 174 13 167 172 149 183 109 164 17 188 149 82 60 117 165 18 85 189 143 70 0 7 99 172 79 5 97 152 94 28 180 77 18 173 188 42 22 28 193 123 50 57 122 128 140 172 132 112 22 168 107 120 58 10 0 65 121 61 142 119 111 74 38 71 22 35 193 37 85 152 193 13 78 83 104 141 39 72 56 90 49 89 111 24 183 84 109 105 42 68 144 179 7 172 133 31 181 9 174 194 98 196 162 104 48 45 82 122 73 121 43 39 14 89 190 7 76 153 2 80 115 73 178 14 114 24 0 159 118 14 162 91 184 82 20 45 73 90 45 154 178 59 12 18 170 139 75 69 128 25 32 102 162 194 53 60 101 94 1 117 69 24 91 191 35 0 116 61 78 85 111 63 143 165 122 45 51 113 53 177 51 122 128 171 5 165 183 91 14 87 157 99 158 135 12 86 148 156 109 147 70 118 56 57 55 174 172 148 75 153 27 128 153 78 152 101 159 161 186 82 135 26 132 80 136 172 0 107 58 181 0 114 25 155 193 99 101 72 78 98 35 196 5 0 75 16 106 14 113 13 163 112 119 86 23 54 135 154 82 172 19 143 69 133 196 22 171 106 23 191 121 77 72 63 124 77 144 172 95 98 83 151 5 169 21 112 60 135 122 119 66 98 45 36 58 94 151 153 174 133 70 194 22 28 22 124 87 143 72 5 95 28 35 14 107 104 86 130 170 22 121 95 84 186 159 107 21 43 19 21 172 185 90 197 128 122 63 193 148 72 78 133 10 197 104 145 131 154 133 115 112 81 78 136 74 101 194 55 50 28 33 197 179 86 91 156 118 122 71 53 116 79 43 155 95 79 180 172 48 81 64 99 143 57 128 35 71 40 82 41 70 4 28 22 172 178 152 76 147 66 110 136 109 105 196 157 149 163 189 151 86 182 13 116 155 80 9 59 187 93 51 125 57 111 181 152 93 61 14 163 137 167 6 163 193 113 156 185 145 118 165 187 145 64 29 161 95 104 161 120 155 159 161 128 42 133 74 67 125 7 100 139 98 63 14 77 137 132 95 145 84 179 76 39 53 105 100 194 62 143 68 39 9 109 105 73 107 54 1 165 196 172 55 57 197 9 98 128 111 162 11 181 149 117 25 30 133 68 146 112 165 17 185 161 181 77 152 95 45 168 120 97 56 66 117 36 65 42 131 103 187 14 41 22 55 5 162 108 32 194 68 78 179 5 64 109 113 145 184 90 89 81 100 195 18 69 147 102 68 95 89 151 192 154 84 136 67 145 181 3 36 38 122 65 145 91 155 172 138 132 32 97 82 147 97 69 84 156 106 22 175 60 147 84 143 148 74 5 123 189 27 183 154 161 117 166 45 18 121 124 58 89 157 149 155 162 116 97 105 107 144 185 154 147 91 188 181 20 123 29 167 121 131 71 75 126 66 94 72 103 55 113 68 139 33 107 20 170 150 109 105 127 162 14 169 13 55 3 128 29 179 58 139 111 79 123 45 157 9 72 61 197 160 105 157 5 101 53 114 55 61 130 167 16 62 62 69 40 25 95 142 158 101 178 148 90 183 147 78 72 118 90 138 59 32 167 101 75 3 68 72 123 157 161 167 11 75 81 116 151 92 25 178 171 137 102 16 79 95 65 192 51 99 87 147 72 145 133 106 10 139 131 161 195 0 169 49 59 119 61 69 59 25 173 165 124 76 13 133 195 171 53 125 117 177 137 131 101 195 129 144 82 181 88 193 130 72 178 195 189 109 73 42 102 47 189 195 102 54 61 59 130 187 82 70 109 162 7 184 18 181 153 81 183 88 62 102 133 62 55 173 130 85 151 74 40 18 98 191 45 89 145 103 165 19 166 7 95 102 99 60 181 179 77 26 154 77 117 161 12 74 153 193 189 182 85 26 95 123 161 130 166 16 194 134 59 55 93 142 113 163 169 78 66 113 69 55 82 127 110 69 21 122 41 78 56 174 139 138 63 87 135 61 57 82 156 3 78 116 95 93 157 155 146 157 0 32 54 130 118 25 34 136 115 58 189 33 188 83 187 90 42 119 16 37 116 157 90 14 195 65 131 129 66 128 41 17 108 187 190 117 51 107 23 174 101 188 94 75 168 20 69 78 135 152 80 16 104 71 20 83 91 105 165 129 45 91 143 86 128 40 72 23 176 149 74 99 135 59 136 107 105 93 135 139 131 63 33 94 128 71 102 159 158 1 56 61 137 161 103 160 139 69 131 11 163 78 81 12 195 155 143 148 81 124 71 78 72 198 102 60 143 199 159 155 93 172 1 70 130 7 195 55 61 133 84 153 87 46 76 105 95 51 174 198 65 138 152 91 26 43 33 47 22 78 143 113 23 40 125 42 89 99
279.986088 meters