nails 150
imagesize 200
populationsize 100
elite 20
genomesize 2300
mutation 0.001350
minchunk -1717986918
maxchunk 0
iterations 20000
stableiterations 10
goodgenerations 150
burst 0.000100
threshold 0.030000
ring_diameter 200.000000
thread_diameter 0.050000
save_every 500
history_step 10
---
2300 139 58 118 27 135 86 127 19 97 5 105 55 20 71 109 9 66 147 95 7 58 8 68 26 139 33 105 39 122 67 16 106 15 46 113 72 22 130 95 120 52 86 4 95 14 104 133 67 140 32 60 10 61 117 62 112 4 59 86 3 111 57 108 9 74 134 43 83 21 97 46 11 95 133 16 48 93 122 51 119 27 133 31 80 0 85 47 117 13 115 76 107 62 148 108 141 58 110 71 44 81 118 24 81 147 104 39 70 137 26 75 29 126 75 7 91 129 13 133 68 148 83 19 120 61 99 34 82 6 62 100 20 131 28 136 57 10 71 26 119 148 96 48 90 61 98 55 3 94 50 107 1 106 128 84 25 117 84 148 79 121 21 105 133 26 144 42 143 29 119 81 121 18 83 136 29 133 24 52 114 16 125 76 114 75 47 90 19 112 54 107 23 80 119 70 147 77 146 40 74 118 60 88 51 101 53 124 72 131 69 115 77 110 10 89 40 104 87 139 30 75 45 91 136 91 124 92 128 96 143 57 111 52 22 112 70 5 89 11 62 17 96 13 122 97 45 4 87 47 97 65 108 149 60 141 65 101 14 61 18 52 82 2 42 147 60 97 64 110 42 80 44 83 127 21 124 141 33 63 40 105 74 14 47 77 19 94 62 105 73 41 71 7 66 5 65 23 75 2 38 65 119 50 103 43 77 18 51 8 114 83 45 10 96 139 35 65 85 45 112 76 17 100 7 88 25 54 22 55 110 65 20 120 77 28 56 108 61 142 72 105 69 122 19 50 21 123 93 139 28 97 31 98 10 112 3 98 58 24 134 31 105 68 123 52 85 144 57 104 3 115 84 48 85 5 99 68 149 109 42 77 112 55 96 54 133 100 54 138 58 100 138 140 4 65 104 55 95 10 100 3 82 33 2 89 1 108 6 89 122 14 64 45 90 52 104 51 99 27 115 64 105 139 62 113 3 107 60 9 94 129 141 100 48 80 47 15 75 28 137 74 42 111 60 93 137 96 11 124 89 65 121 76 116 6 102 141 66 108 73 125 5 44 84 127 28 95 97 56 102 62 75 58 107 146 28 78 46 10 116 55 134 72 47 79 116 84 49 83 124 17 117 54 140 101 141 56 20 67 44 86 136 92 8 103 58 119 17 79 7 101 55 111 142 33 145 102 51 17 109 31 93 54 78 124 3 63 121 53 96 131 100 64 4 119 48 134 55 143 110 1 81 43 2 83 149 99 60 139 99 48 98 56 110 57 146 112 44 28 135 92 7 97 62 12 47 76 139 102 140 60 126 17 84 1 72 115 55 94 48 67 113 9 63 115 10 94 11 102 131 26 138 74 22 67 5 45 115 6 98 47 75 137 43 4 112 83 126 18 105 65 13 46 13 73 1 79 142 10 25 75 9 96 21 133 88 4 88 15 48 79 19 71 0 86 129 50 82 125 30 78 147 69 142 71 12 66 121 32 141 105 0 53 135 12 104 54 87 142 57 0 79 127 30 94 29 147 107 43 7 113 68 140 71 111 64 149 101 12 92 20 126 57 109 60 117 48 102 67 118 59 138 62 142 103 53 145 112 56 26 127 26 145 89 141 31 76 118 69 124 56 134 94 18 95 143 62 119 50 8 98 20 132 50 97 57 118 48 10 93 11 97 20 6 67 71 120 65 126 26 128 69 121 83 112 66 117 69 134 81 20 104 0 35 101 69 29 90 46 112 5 113 44 114 61 104 145 136 103 63 127 24 137 31 59 96 47 83 125 46 80 2 81 126 85 4 29 23 125 79 123 3 60 115 111 95 145 67 106 43 111 58 6 44 76 113 8 133 48 13 72 135 84 44 106 22 131 98 51 123 65 18 109 0 42 85 3 109 65 19 52 99 19 63 146 96 45 11 68 73 103 1 85 136 27 105 66 126 13 100 50 70 44 121 77 29 78 122 9 95 56 11 71 42 103 54 108 60 110 2 45 137 58 12 78 119 71 116 64 24 145 45 13 116 16 127 82 131 25 68 146 80 19 129 88 2 62 5 111 148 103 16 126 59 113 53 98 48 71 118 35 146 29 132 90 4 91 44 10 70 104 66 6 91 121 52 103 52 147 72 111 18 9 13 135 77 30 89 45 135 129 144 60 145 106 57 8 67 7 115 65 117 76 3 89 56 6 105 67 21 65 30 119 85 122 81 45 114 57 29 53 22 124 22 76 15 52 13 74 140 77 141 99 59 106 41 107 69 24 138 28 130 17 61 144 99 1 39 88 10 99 43 147 44 140 65 6 90 5 89 46 95 122 52 137 23 131 11 44 1 110 3 87 45 79 114 149 73 47 88 125 25 138 61 29 130 26 27 93 9 64 118 79 133 45 8 121 75 27 130 91 91 46 79 4 55 102 49 116 14 94 22 73 137 91 29 134 15 65 111 61 130 84 28 74 6 121 72 12 109 45 95 144 75 113 65 99 64 109 146 47 101 74 114 72 123 66 8 113 69 112 72 146 27 102 60 104 72 128 73 107 65 122 62 118 80 29 95 139 97 130 54 110 44 7 60 120 29 131 22 122 74 129 76 146 114 12 99 56 7 51 120 12 45 9 115 47 99 15 73 14 55 139 61 30 129 83 1 74 15 133 53 134 26 129 28 147 109 72 21 56 47 95 24 141 106 50 19 48 55 142 110 5 57 100 142 102 50 143 56 101 48 145 117 92 58 136 75 115 12 70 48 95 1 56 110 43 82 143 59 117 95 52 98 66 130 81 33 103 139 77 126 27 61 43 70 43 0 95 16 98 24 131 93 8 47 0 99 131 107 148 112 43 72 137 25 140 55 124 18 78 125 24 128 67 119 57 103 59 146 58 9 142 66 120 23 141 26 111 0 61 137 27 134 140 58 5 71 102 143 44 42 107 67 100 49 101 123 19 110 59 120 85 124 19 102 36 115 14 102 54 84 4 115 70 131 15 66 113 63 31 136 25 87 126 19 78 142 73 117 57 4 34 101 143 72 4 114 9 98 129 97 8 118 63 20 123 15 107 7 117 74 49 119 73 132 20 64 119 19 53 100 143 24 85 26 105 50 83 33 95 19 51 108 62 99 16 142 101 70 105 14 87 117 27 129 77 148 31 96 16 76 0 83 22 92 50 13 63 59 90 7 94 138 55 88 27 132 10 114 9 97 59 13 110 145 80 30 1 114 51 83 111 62 18 101 63 99 37 5 88 1 43 3 111 4 107 29 135 14 65 143 43 73 23 139 64 140 97 17 67 117 90 121 84 46 137 62 145 70 116 74 107 22 143 86 51 97 66 93 132 89 6 96 8 110 59 148 74 133 72 130 70 132 43 56 5 87 6 83 132 92 55 2 105 146 34 64 18 82 126 84 118 75 18 104 4 123 8 55 132 19 103 143 73 49 97 52 125 93 17 104 69 100 149 84 0 113 47 118 49 92 57 98 54 136 52 84 3 57 149 85 140 96 149 27 148 35 129 95 8 49 109 8 37 6 36 63 108 49 20 89 47 94 49 126 23 67 104 16 73 136 32 96 1 109 69 102 52 113 92 9 97 54 101 61 22 66 103 71 132 76 144 103 112 64 98 49 91 8 44 149 111 66 99 25 75 148 109 66 115 46 82 45 149 59 144 106 54 24 74 136 76 127 90 136 77 3 103 31 75 115 56 107 18 129 96 51 109 46 116 47 81 148 44 82 148 96 50 69 120 70 121 22 127 73 139 22 80 147 36 81 46 98 59 7 106 74 132 28 101 147 94 58 99 138 88 141 46 96 19 131 49 95 51 132 96 15 116 2 76 143 38 144 64 129 92 27 66 123 26 58 106 147 110 73 42 72 108 55 142 91 5 65 144 30 105 54 127 61 105 38 141 54 109 23 128 28 96 10 70 103 149 82 137 90 12 60 100 141 27 128 46 86 1 80 1 67 112 6 88 136 45 76 124 5 108 13 134 28 119 46 0 100 2 84 45 13 119 59 111 2 99 140 66 114 59 6 57 18 79 21 118 68 18 103 12 59 77 127 20 28 71 144 81 125 74 17 116 48 135 86 11 103 74 46 99 52 100 16 77 120 26 135 52 126 25 76 41 109 67 17 125 21 108 41 147 103 128 19 105 132 101 3 64 125 27 127 78 21 131 46 114 55 135 31 74 11 59 91 60 137 32 135 73 27 110 64 5 60 148 97 63 111 70 123 67 141 55 103 62 102 2 63 98 47 17 36 7 118 61 8 60 101 50 88 28 141 73 0 45 7 89 4 64 106 33 80 27 101 148 115 17 103 146 98 11 125 53 138 30 102 16 47 139 25 114 68 125 69 10 75 16 87 27 103 67 146 75 122 11 69 18 63 45 113 2 56 142 58 112 27 72 51 48 132 100 15 101 64 143 39 137 92 61 109 43 87 28 106 74 135 87 46 127 80 135 50 98 140 61 21 51 68 51 146 32 142 77 25 51 106 52 101 66 4 100 56 109 68 145 57 99 26 87 44 111 45 14 71 148 87 131 97 48 86 5 90 149 79 122 80 46 14 75 125 54 19 64 132 52 149 70 20 128 90 129 20 117 63 106 60 22 125 85 135 68 119 84 34 3 66 16 80 45 116 97 53 108 67 115 11 79 34 80 120 12 45 86 34 140 48 115 61 1 62 104 6 113 79 43 149 108 19 128 25 67 33 140 47 142 37 84 23 82 5 112 97 18 99 21 66 20 78 0 118 17 134 68 112 53 104 74 119 47 9 69 116 75 145 98 51 103 6 124 68 105 51 100 24 75 17 114 62 144 36 89 41 102 42 76 9 44 85 53 20 58 108 71 136 55 100 50 120 75 0 77 145 78 23 81 135 25 132 21 126 58 145 105 34 144 29 145 76 135 56 144 46 9 43 108 74 41 5 98 17 110 61 7 72 107 68 21 81 32 106 13 103 56 108 20 79 126 71 25 60 112 57 107 53 102 135 51 18 120 58 97 15 116 77 117 58 127 87 51 118 23 124 20 50 122 76 134 21 64 138 33 66 24 130 64 30 133 65 118 22 98 128 82 1 102 25 134 16 125 18 98 125 20 95 134 14 106 55 91 47 141 68 143 54 132 63 138 73 26 76 130 82 129 56 113 43 66 29 97 10 122 64 14 96 125 26 136 53 103 69 19 106 134 104 144 86 56 8 94 31 104 68 17 78 52 134 28 98 62 5 81 146 78
3754.958114 meters