nails 150
imagesize 200
populationsize 100
elite 20
genomesize 2300
mutation 0.001350
minchunk -1717986918
maxchunk 0
iterations 10000
stableiterations 10
goodgenerations 150
burst 0.000100
threshold 0.030000
ring_diameter 2000.000000
thread_diameter 0.050000
save_every 500
history_step 10
---
2300 58 16 72 129 20 130 90 6 117 8 44 98 23 75 34 129 43 134 46 16 86 135 93 11 129 79 139 109 138 69 124 63 100 65 108 140 54 20 58 131 22 139 28 129 95 149 33 72 137 11 57 98 59 85 132 54 8 118 60 24 125 42 74 24 62 14 85 2 35 1 97 57 15 124 91 52 84 119 37 121 12 92 116 19 72 92 59 84 2 33 117 64 18 119 19 129 92 146 79 122 16 70 27 130 19 106 10 118 9 57 101 20 107 2 111 18 55 13 114 14 109 140 55 125 40 133 99 21 134 25 64 16 125 69 148 35 127 70 128 29 77 34 73 141 89 140 68 138 79 110 85 18 110 149 34 111 19 127 32 84 132 20 131 26 122 75 2 108 43 0 103 32 83 30 126 13 61 96 57 24 113 20 68 112 147 81 30 116 65 24 114 22 116 29 83 22 65 35 92 17 58 129 73 43 139 34 121 96 114 2 45 74 6 46 149 70 119 85 148 106 18 56 142 90 37 0 115 33 102 66 137 27 138 93 59 114 88 50 1 70 2 69 116 6 81 118 5 67 136 49 14 124 16 127 19 86 57 115 3 97 57 79 38 87 114 15 134 65 13 120 70 112 143 83 28 65 139 98 62 136 60 28 114 141 35 128 61 130 78 123 69 103 11 120 77 14 117 90 145 105 73 144 66 18 60 149 99 15 93 116 79 139 59 99 135 43 84 142 51 86 126 40 87 53 124 52 18 120 94 30 101 16 102 69 19 103 65 87 92 18 97 24 124 99 61 148 96 63 102 30 86 58 96 14 95 20 72 102 34 101 124 12 3 142 75 8 116 28 122 94 9 15 117 84 19 120 96 17 64 101 66 5 72 1 106 16 124 37 88 53 11 44 112 10 104 127 18 58 97 140 21 57 19 128 21 121 33 136 89 51 90 72 105 21 118 93 20 63 108 149 45 98 125 15 123 1 85 135 23 63 135 106 35 75 19 56 15 84 1 34 70 103 134 23 126 27 114 11 111 84 133 10 105 39 127 50 6 45 146 56 11 121 7 101 23 133 20 46 17 59 133 43 149 48 79 140 111 147 80 52 10 94 65 135 26 116 15 69 120 32 15 97 12 98 21 58 145 76 143 74 1 110 21 60 25 68 108 17 56 86 25 91 137 80 35 126 24 135 90 136 88 31 117 143 82 130 25 111 139 112 20 127 36 4 115 146 78 39 73 8 93 19 107 148 83 23 112 3 96 55 9 79 32 100 35 140 26 91 58 22 131 32 146 93 136 66 126 21 111 67 15 98 35 67 110 78 138 97 16 134 26 62 119 11 98 61 12 38 130 84 83 131 82 1 104 130 83 21 52 85 134 76 31 131 30 104 65 93 12 64 135 76 51 0 84 133 25 62 102 137 85 13 94 18 76 24 123 14 46 131 84 113 4 97 65 20 129 102 126 99 19 128 17 110 8 45 145 36 17 98 33 119 7 49 109 66 133 75 106 146 62 118 33 124 36 133 37 118 72 100 140 66 15 120 11 60 96 59 29 135 103 27 116 7 128 101 31 130 37 76 6 36 137 48 9 53 86 125 12 122 13 124 35 118 95 33 61 21 130 60 82 144 29 67 52 9 104 126 55 14 115 78 139 69 18 41 146 114 143 71 3 70 122 4 120 45 5 117 146 82 101 28 123 76 2 38 140 31 143 58 98 10 121 95 1 119 0 48 111 137 77 41 126 10 122 31 135 62 29 95 9 87 4 102 19 85 133 19 131 29 134 84 107 126 7 93 16 91 54 126 31 107 138 89 4 44 9 43 76 42 97 123 31 12 144 88 54 94 58 144 90 15 96 141 31 108 74 7 48 82 53 130 55 89 18 114 144 54 131 24 137 41 144 34 116 23 137 28 146 103 30 124 60 132 25 81 141 62 101 144 111 52 88 25 63 136 77 36 136 17 120 7 82 28 86 135 124 125 77 40 137 87 26 119 4 49 10 43 99 60 131 23 97 17 91 116 3 115 23 128 18 126 37 74 128 104 132 108 44 92 4 71 106 57 136 13 57 96 67 102 3 33 125 68 128 46 148 44 94 63 97 110 1 115 79 20 59 88 136 51 81 36 105 74 131 83 25 57 20 131 85 111 45 9 39 101 22 61 133 86 113 30 73 26 143 87 134 44 126 36 131 22 140 71 113 70 25 117 34 13 60 95 148 112 138 63 119 21 88 137 35 72 44 130 105 120 9 119 6 99 71 102 20 69 137 68 7 91 36 122 27 61 16 24 133 22 68 21 66 103 147 112 136 87 52 86 147 100 61 120 71 129 38 99 63 127 33 130 39 0 45 96 40 139 70 37 128 15 94 14 69 25 76 33 142 62 99 22 100 127 78 121 13 56 91 23 125 13 64 119 75 107 145 44 143 41 138 26 121 12 65 115 58 132 93 29 141 72 104 145 120 12 43 4 42 15 61 28 127 67 26 81 55 17 128 57 93 133 85 142 21 131 94 55 133 110 144 56 87 42 101 61 131 77 138 31 124 56 93 148 50 85 39 139 21 55 127 51 78 40 148 63 133 26 76 106 37 145 65 27 87 144 31 87 140 30 80 140 60 139 59 95 21 131 34 86 36 139 57 145 91 5 68 121 41 15 100 141 32 82 132 24 130 21 63 129 74 29 90 18 59 19 55 139 105 68 125 65 34 135 108 14 122 77 104 71 126 17 73 109 17 97 60 14 53 5 69 3 77 30 132 84 41 124 80 125 79 126 15 89 52 132 61 19 112 0 96 34 90 23 103 68 147 106 38 128 94 11 49 8 55 144 60 19 125 39 100 143 33 82 51 124 23 143 111 136 71 114 0 122 44 128 19 131 62 132 29 73 1 22 77 123 71 127 23 82 110 142 49 5 115 70 102 65 2 71 28 57 132 20 108 148 94 19 74 117 130 22 144 104 4 91 117 16 55 10 119 11 58 96 140 36 134 84 149 112 146 89 139 68 93 35 73 25 51 85 115 72 106 22 130 20 120 98 77 49 6 80 34 106 20 98 135 14 57 76 8 53 137 89 32 137 0 40 76 22 127 69 1 114 61 93 62 17 125 67 103 31 129 53 131 104 36 130 103 3 50 83 113 90 27 142 41 129 83 70 21 56 22 126 14 121 29 80 118 25 142 89 37 125 48 127 9 126 16 62 0 30 142 28 128 51 88 9 117 7 100 16 92 62 100 30 117 125 52 129 21 112 16 98 24 57 17 100 20 83 119 38 136 24 59 130 19 48 133 15 62 117 11 96 18 126 96 56 95 64 96 56 128 77 121 5 89 54 69 119 8 46 2 103 128 72 36 62 138 67 146 113 25 96 22 141 28 125 32 128 58 8 74 130 23 62 20 55 91 35 122 1 42 135 63 13 105 147 113 0 78 10 44 12 95 55 80 59 79 147 91 144 30 115 59 26 70 19 101 142 24 112 145 25 103 64 143 50 7 75 38 126 68 100 66 23 99 26 64 100 126 34 143 72 114 3 44 96 147 94 60 120 16 99 65 147 69 129 52 78 129 29 145 41 122 2 86 14 63 93 27 115 32 88 10 84 114 4 107 131 121 6 60 22 136 95 55 141 80 10 79 131 47 8 120 28 105 37 75 25 77 56 50 84 110 25 137 107 132 38 124 66 135 28 73 7 83 116 148 42 121 88 51 79 124 19 68 26 136 25 114 5 42 141 91 19 130 102 22 54 23 71 29 114 148 64 108 143 38 4 65 23 100 67 101 44 110 2 77 10 120 24 90 17 129 59 145 30 74 32 142 74 28 3 109 0 58 12 94 70 138 28 66 24 119 34 93 6 105 131 23 113 85 25 131 74 31 104 27 60 115 29 64 133 35 15 64 28 132 83 128 81 127 18 98 133 64 129 36 149 66 33 141 54 85 21 122 43 132 33 122 3 37 82 38 141 101 127 74 27 119 35 101 15 54 21 115 94 119 30 127 17 95 0 83 16 68 134 24 72 0 82 138 52 81 40 145 92 69 30 141 82 21 131 33 7 54 90 0 91 62 126 80 126 65 103 10 125 43 131 20 128 43 148 59 118 73 127 37 67 103 6 61 100 146 39 1 111 68 36 44 135 87 50 147 84 50 149 78 136 61 97 144 94 146 37 104 12 39 88 4 118 24 71 32 2 117 73 131 19 97 29 61 132 23 139 30 149 39 147 85 10 48 81 129 27 118 34 123 91 146 43 104 70 4 117 149 92 147 31 99 141 83 145 93 125 53 91 27 67 21 78 124 86 134 52 136 86 115 22 137 86 132 74 33 140 34 122 20 116 32 68 103 131 11 24 111 141 88 55 60 130 83 51 89 10 123 79 68 18 109 5 78 147 93 60 123 75 100 62 129 14 61 142 109 60 23 77 146 27 84 38 120 25 112 134 22 133 21 62 96 69 105 60 131 26 130 81 125 14 145 66 127 38 104 67 23 129 21 127 62 120 2 64 123 11 95 35 83 66 119 12 23 79 148 119 32 123 15 53 94 61 52 92 27 132 28 118 32 117 3 75 105 135 37 108 19 113 144 115 148 84 116 73 130 82 117 19 109 20 131 78 125 30 59 16 53 77 107 149 115 71 16 87 39 6 123 103 24 115 80 127 40 121 76 121 67 123 41 115 28 84 51 30 92 19 105 144 74 118 22 132 105 22 138 54 94 20 74 130 87 54 12 48 103 72 37 139 35 142 34 120 0 50 89 53 93 18 100 21 132 85 134 76 3 45 109 2 37 149 113 138 76 118 0 81 126 39 7 89 34 130 29 122 78 9 123 26 117 1 33 116 59 23 119 36 78 24 122 22 129 18 107 136 68 17 61 149 35 117 28 103 132 75 134 14 122 11 70 18 53 92 118 84 13 100 69 112 4 78 137 31 75 143 110 80 96 116 72 23 111 1 83 133 27 86 32 66 132 31 63 134 64 124 20 121 9 38 0 110 73 21 39 141 110 53 140 90 129 82 13 54 17 52 90 5 108 18 123 66 115 11 26 139 108 131 61 20 134 64 98 60 125 21 123 30 95 57 94 0 49 84 133 75 147 104 66 31 116 2 81 28 68 102 27 139 54 107 78 106 86 108 0 65 19 98 59 97 129 19 51 91 11 125 120 36 147 29 118 1 116 21 72 38 149 112 132 42 16 73 102 28 85 114 95 120 27 66 17 107 38 95 13
3674.630769 meters