nails 150
imagesize 200
populationsize 100
elite 20
genomesize 2300
mutation 0.001350
minchunk -1717986918
maxchunk 0
iterations 10000
stableiterations 10
goodgenerations 150
burst 0.000100
threshold 0.030000
ring_diameter 2000.000000
thread_diameter 0.050000
save_every 500
history_step 10
---
2300 2 69 0 33 95 4 110 65 28 65 121 82 146 111 84 126 85 128 69 31 83 48 133 101 32 71 107 30 118 9 117 76 142 73 17 79 109 26 131 22 57 28 54 95 136 33 127 77 14 84 15 86 24 83 122 54 85 20 48 11 123 85 122 52 6 118 8 67 0 60 109 47 27 51 95 130 85 48 76 31 117 24 136 28 81 122 33 148 49 81 123 7 96 149 114 52 80 133 71 108 23 80 120 12 90 15 75 10 125 37 124 18 73 113 148 115 54 145 33 78 131 93 10 74 142 67 108 145 28 143 86 50 91 59 24 115 12 129 93 61 103 59 98 54 4 89 134 100 59 87 43 115 69 110 31 121 23 55 94 2 118 47 14 100 64 28 142 52 4 47 6 121 7 117 2 107 45 9 96 118 82 11 60 15 114 2 86 47 131 107 62 93 19 66 51 88 72 109 14 43 130 21 55 131 99 62 148 86 49 147 90 132 72 17 116 54 95 21 71 28 139 83 119 20 117 82 23 137 23 131 25 36 60 98 60 26 135 103 10 106 73 30 147 31 32 121 87 134 84 11 93 22 130 70 37 74 35 102 64 31 99 29 114 59 11 63 103 57 143 60 121 18 118 0 119 79 108 6 55 84 13 122 9 67 112 66 126 19 128 22 64 11 69 120 86 36 126 27 127 89 3 87 125 24 96 61 103 133 72 102 54 143 111 15 46 12 101 15 100 27 80 147 37 126 22 103 138 78 39 137 24 81 65 99 83 120 84 48 90 48 78 38 69 12 89 135 46 108 30 89 53 84 45 131 24 101 21 77 124 92 127 71 143 17 125 58 101 97 50 80 49 74 115 68 9 92 58 99 55 145 25 132 42 86 126 60 144 116 2 87 56 92 63 120 61 130 84 42 139 104 70 99 130 96 35 0 77 140 108 62 4 120 124 74 4 51 90 18 77 114 57 26 51 94 50 119 1 60 143 36 96 43 57 148 82 45 144 29 65 107 6 33 65 124 34 67 10 91 34 148 47 83 45 76 108 73 110 9 88 26 112 149 33 2 97 28 144 107 138 76 144 32 139 62 90 65 110 146 21 120 70 1 33 73 37 134 39 13 40 137 47 87 25 125 86 1 71 114 1 59 144 79 42 134 51 97 128 91 6 88 25 89 137 81 40 7 97 132 66 10 62 12 83 1 92 32 142 68 111 148 29 141 20 95 13 107 64 7 89 47 81 1 104 47 91 125 93 146 96 51 76 6 117 3 97 52 13 125 14 110 74 31 102 57 27 135 75 111 15 135 70 105 69 116 3 100 56 24 46 82 122 87 31 112 15 85 125 59 103 76 115 74 135 52 141 33 105 73 116 104 57 23 90 125 19 74 7 92 6 63 98 30 75 5 73 104 46 28 51 19 130 28 148 112 69 99 3 78 115 72 114 14 121 3 106 57 96 38 130 98 148 81 12 122 32 118 44 80 43 141 69 113 40 143 109 30 148 65 105 132 36 71 136 84 148 80 119 24 101 137 16 76 23 58 27 99 147 29 134 17 48 82 40 67 101 132 99 20 130 44 147 34 68 25 85 44 83 64 116 70 131 95 31 84 12 108 142 53 93 52 77 118 7 132 28 105 68 30 149 80 116 71 109 59 85 1 34 73 115 52 140 67 102 25 105 12 124 17 91 126 45 13 82 13 56 106 66 98 1 68 109 141 53 113 24 72 143 82 149 48 89 49 111 47 130 71 99 56 14 74 149 33 140 49 145 67 105 139 19 76 116 5 47 78 117 44 81 121 62 130 25 133 38 126 17 74 129 60 120 11 58 88 52 21 64 139 45 138 49 110 72 3 38 104 28 68 123 64 103 130 60 100 26 106 64 12 60 94 130 26 107 142 27 141 68 108 34 89 124 71 4 64 131 33 108 75 29 91 122 93 49 85 147 64 96 37 0 85 113 145 110 80 126 57 8 118 81 23 19 128 93 42 115 3 15 112 145 71 3 124 19 49 132 22 128 83 54 5 62 13 116 136 27 56 3 58 15 113 146 85 147 57 86 134 47 9 102 134 25 135 25 95 63 133 102 63 106 12 48 87 57 99 141 106 62 24 130 23 117 17 75 126 21 54 87 21 8 98 128 17 91 7 90 126 7 108 65 21 132 95 65 109 58 91 27 132 78 30 143 53 96 15 61 148 79 118 43 84 6 37 127 68 128 69 107 63 94 54 93 144 88 53 144 55 143 23 79 124 99 133 64 29 66 30 130 65 132 100 24 102 137 46 110 32 68 14 124 54 100 11 135 28 131 57 95 140 84 115 21 73 35 72 117 61 121 84 57 79 2 84 47 131 22 53 19 127 13 63 7 45 20 50 0 116 24 102 60 103 5 37 138 83 60 136 55 116 81 45 83 4 55 126 8 75 115 1 55 94 128 9 80 2 32 85 5 50 123 24 53 95 131 48 3 88 27 66 135 39 76 20 126 59 97 130 95 42 123 70 11 127 20 127 21 50 89 146 59 31 56 97 129 66 18 125 148 90 58 131 49 102 139 28 63 104 56 6 90 17 129 83 62 96 129 84 122 60 29 62 105 61 116 66 125 54 1 57 13 121 72 106 63 90 24 145 81 4 43 148 66 111 77 40 69 10 102 59 25 144 61 12 58 30 64 105 34 123 9 66 136 26 59 120 58 121 13 47 18 65 106 25 100 2 117 76 113 63 96 54 149 111 35 20 39 81 142 106 129 44 2 48 4 50 134 26 52 12 70 45 79 11 92 129 23 118 80 122 5 114 75 48 29 56 114 74 15 68 110 8 65 119 84 25 60 24 129 40 99 144 33 82 49 120 23 140 104 135 71 113 0 115 44 131 19 131 63 130 29 73 148 63 41 86 46 120 33 99 54 148 67 30 145 103 33 110 142 72 20 131 67 126 92 140 109 146 30 119 31 91 9 105 74 38 137 60 118 78 20 133 79 134 91 127 22 62 146 112 68 131 98 120 50 93 66 108 64 6 93 57 9 66 28 95 12 100 135 106 141 51 89 123 71 112 22 81 48 115 80 4 42 133 26 63 140 25 133 16 120 83 46 132 35 68 129 22 61 97 70 107 67 99 41 127 61 98 132 24 131 81 120 67 110 66 91 61 14 112 14 72 119 9 101 0 79 27 136 2 140 105 59 138 28 66 149 106 69 147 108 72 37 135 81 119 78 50 90 127 84 1 120 88 4 58 102 28 61 132 40 127 18 64 104 26 137 100 44 132 96 1 95 7 72 136 81 144 26 86 48 70 137 56 146 111 145 32 138 28 133 21 128 79 122 61 7 106 27 90 55 100 116 137 59 15 51 78 45 87 50 96 0 53 94 66 96 11 121 55 9 77 109 76 127 67 111 73 14 113 33 0 34 136 91 129 86 119 78 109 66 14 127 79 41 71 110 18 80 41 136 90 45 130 94 5 49 100 146 30 90 53 135 26 97 62 97 9 42 5 117 13 85 1 65 9 53 114 24 130 91 26 62 95 0 40 130 92 53 149 67 130 24 139 48 93 8 99 145 96 133 66 32 107 139 47 132 57 136 25 103 15 69 109 144 111 135 43 82 44 114 21 100 57 90 26 108 44 84 138 98 9 60 27 139 56 8 108 138 33 88 136 104 61 25 104 48 140 27 137 54 96 19 56 95 26 101 134 70 100 33 69 111 76 35 51 135 42 77 116 74 106 61 4 39 123 86 112 35 99 26 79 121 100 86 135 99 52 137 67 29 145 40 6 105 10 128 18 129 43 107 66 124 59 129 61 147 32 74 33 146 61 31 68 10 101 56 90 124 8 97 131 23 91 112 78 50 79 117 77 139 29 147 83 114 16 59 92 128 38 136 23 77 51 114 35 130 80 11 105 75 137 88 45 129 93 56 94 58 137 17 136 101 60 2 116 56 10 98 2 52 143 97 53 91 0 92 57 24 82 115 71 35 67 66 36 75 112 49 91 51 93 21 72 41 123 69 1 60 105 63 99 12 96 52 8 42 114 11 126 20 52 25 103 126 40 73 6 48 111 81 128 18 91 54 93 36 127 54 144 44 79 123 55 25 104 69 43 83 49 0 59 94 52 147 81 74 45 147 110 147 82 55 77 132 43 108 63 30 62 124 6 95 64 148 56 118 76 92 67 106 58 149 110 141 90 49 87 46 73 134 43 86 27 68 104 62 27 64 108 45 25 54 88 49 92 51 140 39 130 23 67 125 60 99 91 57 18 127 16 126 19 68 2 38 138 86 20 120 80 146 50 89 5 95 55 97 23 129 23 99 134 24 84 51 14 83 55 93 3 79 119 100 136 102 146 32 134 42 73 124 85 47 79 116 91 149 89 122 41 143 108 141 85 51 144 36 74 134 92 48 147 33 109 29 101 141 29 95 129 20 75 40 78 113 70 111 34 81 146 46 112 70 65 102 62 147 51 126 56 98 53 142 54 86 132 96 55 20 69 90 59 143 61 3 125 20 132 25 137 82 10 60 124 90 3 70 21 56 125 72 16 61 99 59 127 22 135 20 67 14 122 64 115 4 116 75 18 92 22 69 32 98 3 86 141 28 27 139 103 136 100 32 72 19 142 29 113 72 112 27 105 138 61 119 18 130 28 140 78 22 132 73 32 109 70 115 19 83 133 78 120 85 2 120 45 3 29 143 98 55 135 98 58 129 96 56 52 91 22 94 65 129 19 127 114 60 138 28 74 127 96 131 44 136 43 138 85 7 53 85 50 88 140 26 139 78 21 129 88 121 33 68 106 46 84 5 119 82 52 98 79 145 70 16 97 6 77 16 60 104 149 47 82 120 31 70 103 62 11 98 7 107 143 62 107 65 149 83 39 129 5 115 71 111 72 107 3 57 10 67 32 108 13 99 129 94 124 9 94 18 98 29 69 3 32 131 21 131 46 59 2 71 54 23 95 60 23 128 23 65 147 46 75 149 35 127 21 63 27 138 13 129 98 133 35 146 110 30 142 98 23 132 39 73 22 109 145 31 108 39 126 18 125 75 117 81 146 58 132 98 31 97 137 71 33 66 110 0 83 22 139 25 124 4 90 64 91 24 133 65 105 8 64 97 54 119 77 47 88 124 70 146 94 6 36 48 138 55 122 15 44 135 128 20 96 44 139 12 41 133 74 112 149 84 128 75 49 77 35 75 41 78 8 120 11 52 113 80 1 31 0 68
3640.839450 meters