nails 150
imagesize 200
populationsize 100
elite 20
genomesize 2300
mutation 0.001350
minchunk 0.200000
maxchunk 0.500000
iterations 20000
stableiterations 10
goodgenerations 150
burst 0.000100
threshold 0.030000
ring_diameter 200.000000
thread_diameter 0.050000
save_every 1000
history_step 100
---
2300 144 88 49 82 51 98 5 119 22 106 51 4 114 149 43 0 93 28 3 52 81 43 84 114 57 13 95 47 123 54 90 36 97 29 123 17 70 42 149 47 104 58 8 100 50 128 20 54 9 52 86 48 149 40 89 47 93 7 69 31 68 134 67 98 57 147 71 16 72 105 1 107 60 13 132 57 122 77 130 33 117 63 132 59 138 22 122 15 119 35 130 39 94 17 126 89 45 5 92 122 106 134 22 83 43 111 53 133 60 101 6 115 57 90 22 132 72 133 103 61 28 74 98 79 72 98 137 57 105 5 72 125 91 50 90 42 23 38 126 96 42 91 53 119 13 56 46 102 74 131 46 143 48 93 11 114 72 21 96 62 65 112 83 120 12 118 11 122 28 67 26 94 51 84 124 54 91 15 56 124 95 19 131 33 100 18 102 9 51 95 50 8 91 46 90 13 117 55 107 142 47 85 39 51 70 100 64 106 56 20 74 140 79 29 103 56 98 131 43 100 49 75 137 103 64 112 74 129 18 14 21 127 36 124 17 73 33 74 31 147 108 56 143 76 29 68 15 66 114 46 95 4 73 128 72 136 98 116 84 120 102 97 44 90 148 104 56 7 115 0 114 2 41 71 121 64 108 70 30 123 76 35 3 53 87 13 52 16 123 81 121 6 116 62 105 32 71 112 78 147 77 45 99 128 35 66 37 73 115 11 87 127 83 140 84 118 63 110 143 71 106 45 71 105 24 81 138 61 116 32 63 121 13 61 102 137 93 39 134 61 30 114 60 106 68 30 145 111 146 107 58 86 128 14 120 100 127 15 119 79 117 60 104 66 120 75 144 52 103 47 86 50 113 71 126 76 133 98 7 99 139 112 3 96 138 80 115 59 107 80 2 82 25 143 84 48 80 47 1 64 15 69 136 81 44 93 42 86 135 63 142 106 63 105 59 3 48 116 0 112 147 33 3 67 129 107 140 71 108 20 128 18 125 59 144 89 46 105 45 72 115 58 104 25 69 125 89 39 75 27 3 51 109 70 5 113 73 34 71 101 46 77 144 40 94 19 45 146 26 60 111 52 146 39 132 58 106 72 17 66 107 148 67 40 77 145 67 34 127 94 36 120 15 102 14 120 67 105 73 111 0 27 106 55 28 70 117 72 13 115 48 111 63 10 47 81 139 84 113 64 137 63 122 96 36 73 50 118 10 116 149 91 12 53 82 36 63 30 110 22 132 40 142 116 11 89 12 54 141 86 43 51 101 62 115 19 126 37 89 2 62 128 40 76 129 32 97 22 108 146 76 139 24 100 139 51 112 28 57 142 33 66 30 141 83 113 74 109 66 16 121 11 61 9 143 5 103 49 139 50 98 139 74 123 53 101 67 124 57 108 1 111 140 80 29 65 18 98 46 9 49 142 25 87 39 82 139 83 140 55 94 49 138 24 80 58 110 74 146 60 29 62 106 147 69 107 70 137 105 70 132 77 19 62 9 109 54 149 71 115 128 54 99 49 145 108 42 88 43 87 47 145 107 68 11 94 123 32 124 71 13 120 22 133 59 24 136 43 145 79 10 77 131 78 47 0 82 52 42 134 59 91 43 5 52 4 37 133 46 109 0 41 131 103 135 67 109 145 46 121 17 97 55 7 83 45 132 21 82 46 132 86 41 75 18 120 8 115 146 75 38 93 40 135 42 87 1 117 6 35 140 24 137 24 62 111 72 95 56 148 108 58 131 95 1 109 64 110 96 47 97 131 47 132 93 1 94 3 32 77 31 65 122 89 48 140 73 71 53 15 98 59 106 137 104 135 52 105 50 97 4 66 145 32 115 31 104 70 6 76 18 30 9 120 20 78 138 91 49 98 141 84 20 106 146 32 106 138 76 144 60 124 53 89 54 10 78 44 141 107 134 66 133 41 138 63 147 65 34 74 130 19 102 71 12 38 127 71 33 72 138 52 102 49 111 65 110 54 96 24 97 46 6 84 131 55 14 99 48 94 44 130 75 113 55 98 40 103 136 99 62 37 90 45 133 77 54 81 113 45 131 69 16 65 116 87 45 145 26 77 138 48 92 41 87 16 90 119 98 64 118 89 44 138 82 148 84 38 70 4 42 24 51 118 2 96 23 83 50 82 125 88 10 115 149 117 14 45 142 87 46 99 48 105 142 108 69 30 79 56 114 54 5 118 80 43 90 52 145 38 85 46 104 132 90 60 14 33 97 11 47 8 48 11 120 86 78 117 61 109 22 91 44 136 70 113 69 105 66 112 69 103 60 31 83 137 33 123 10 122 27 148 88 134 23 109 4 107 20 129 36 77 41 78 135 79 14 121 14 56 130 11 55 119 43 21 93 4 61 144 116 39 84 0 53 86 121 69 13 88 131 20 122 80 136 24 52 33 81 117 7 49 101 61 108 67 97 133 84 36 60 98 63 109 78 139 72 100 22 45 88 55 95 17 90 138 95 53 23 135 101 123 48 96 46 136 79 108 138 60 134 101 19 129 21 49 96 60 149 57 94 2 42 139 103 57 19 100 7 99 3 49 144 118 9 27 110 72 29 73 43 82 34 69 124 119 57 113 67 32 78 116 74 13 89 143 43 95 140 72 4 119 45 95 27 67 2 57 125 37 72 113 82 149 64 127 92 11 117 147 109 133 65 2 55 109 52 104 142 27 64 91 142 59 8 97 52 14 119 75 106 18 124 59 20 97 132 75 131 19 93 18 136 137 69 111 13 79 32 73 131 76 28 39 86 55 21 97 135 105 65 108 62 28 48 102 66 29 83 142 114 44 147 81 148 60 32 24 148 76 130 99 118 77 33 78 136 105 58 31 78 146 88 16 102 141 39 92 60 9 58 32 16 58 102 21 101 54 144 86 124 85 118 13 91 55 105 25 60 108 121 93 50 18 92 17 124 94 53 98 48 10 87 137 65 115 60 140 49 8 117 68 101 69 104 64 117 62 145 78 46 84 41 103 70 124 16 5 97 54 14 118 35 147 107 63 17 58 6 99 127 19 130 52 100 51 103 2 50 75 40 71 104 53 88 39 129 72 37 129 15 65 109 143 86 36 3 92 19 35 90 123 82 40 131 13 65 121 54 29 55 104 140 23 62 1 57 117 9 45 93 56 139 53 118 20 93 125 70 111 46 2 126 18 101 23 104 54 100 62 130 42 80 145 87 49 20 102 132 33 75 110 69 36 132 44 83 0 64 107 145 88 47 138 53 42 132 98 47 84 37 83 117 85 45 102 139 101 12 121 84 126 93 119 88 54 98 35 127 28 123 88 46 93 52 94 47 101 137 80 119 65 118 68 104 136 83 5 93 6 56 131 21 139 41 89 147 103 48 9 23 138 105 20 101 39 81 149 39 67 106 21 98 65 17 125 35 84 40 72 30 75 28 98 45 92 59 104 138 71 134 62 104 51 90 149 58 91 147 105 56 78 133 64 123 93 17 61 35 63 45 136 40 87 12 72 112 7 95 28 56 136 102 127 19 104 143 39 90 38 132 64 20 38 30 64 120 33 4 43 141 73 129 50 102 67 96 15 121 75 6 114 28 60 128 19 84 30 59 97 6 104 72 19 89 36 74 29 75 56 122 18 81 140 59 102 135 68 109 69 3 63 0 40 133 106 4 69 27 108 59 112 58 29 53 103 22 44 7 74 46 100 132 103 20 130 38 89 148 113 63 28 96 111 27 71 100 27 57 106 143 53 92 58 100 16 99 132 52 134 49 89 145 78 121 52 95 49 93 131 34 119 62 143 50 119 77 139 54 142 84 112 57 97 64 119 41 135 51 88 11 59 100 3 113 68 147 33 124 48 139 52 116 31 94 46 79 48 100 21 99 50 99 51 92 42 137 52 125 8 114 59 147 90 19 76 37 82 45 90 15 120 87 51 115 75 142 39 72 108 68 27 99 137 81 40 90 55 6 41 134 100 47 92 129 100 82 31 42 82 114 5 120 90 48 12 88 37 134 44 92 139 67 31 81 115 1 113 78 144 42 71 137 48 95 130 96 37 36 125 92 14 67 132 98 62 31 121 7 84 31 79 112 148 110 61 94 4 82 140 96 43 146 91 18 52 98 128 38 96 51 11 66 108 144 80 30 52 91 60 16 74 141 51 83 138 102 51 117 40 92 12 117 56 113 58 148 25 41 65 94 68 37 81 110 59 101 127 68 148 54 97 43 65 21 133 91 45 3 66 101 131 19 103 65 76 143 78 8 56 141 70 35 64 21 129 56 83 119 10 86 40 66 50 112 61 143 85 120 23 54 87 50 92 49 105 139 43 110 87 134 38 131 39 80 41 88 50 94 45 86 11 96 4 53 99 23 130 40 85 5 96 44 112 68 38 135 69 35 83 42 133 47 102 57 7 47 96 50 26 52 10 126 36 81 144 77 142 79 122 142 46 107 26 76 66 79 137 103 11 102 60 126 35 106 144 79 1 92 148 91 16 63 21 130 73 38 4 29 95 41 53 100 136 55 85 49 119 84 21 85 141 22 99 44 80 66 122 16 86 116 107 94 56 81 55 110 63 1 106 54 86 118 7 114 33 93 15 88 38 136 106 61 105 51 55 144 23 123 83 149 2 88 40 80 0 110 66 108 44 135 62 0 30 109 65 107 25 111 80 114 77 48 7 54 111 3 114 146 110 142 85 121 8 101 52 80 51 136 23 141 79 115 145 95 44 28 66 107 67 15 59 9 60 123 18 74 21 134 23 103 58 141 55 10 100 63 129 16 70 101 65 99 22 84 42 95 21 138 103 54 11 52 126 92 21 77 140 73 138 79 123 68 40 69 83 114 61 127 84 9 85 140 68 35 73 30 94 6 51 86 34 76 39 128 53 108 5 82 38 129 62 92 43 85 2 81 16 67 12 47 130 20 95 60 15 99 60 43 99 61 25 141 57 14 96 127 95 65 139 23 137 17 123 6 44 87 48 78 132 20 94 21 51 97 128 17 91 47 141 103 59 127 20 108 141 76 112 5 94 7 120 138 45 96 6 39 83 146 79 147 26 131 99 70 133 39 138 66 13 47 144 109 137 82 44 0 66 99 28 110 144 39 91 41 94 128 74 108 143 59 149 85 116 79 42 74 111 9 114 58 14 90 47 57 8 96 50 10 117 31 63 18 70 102 87 143 107 78 42 146 89 132 129 17 62 21 131 54 135 23 90 12 119 76 107 62 14 66
3657.962246 meters