file bear-4.jpg
nails 200
imagesize 150
populationsize 100
elite 20
genomesize 3000
mutationcount 0.001000
mutation 0.010000
minchunk 0.200000
maxchunk 0.500000
iterations 10000
stableiterations 10
goodgenerations 100
burst 0.000100
threshold 0.030000
ring_diameter 220.000000
thread_diameter 0.040000
save_every -1
history_step 100
---
3000 0.040000 220.000000  178 144 56 172 134 111 114 119 68 176 193 69 95 60 10 119 64 121 126 189 188 157 100 91 44 90 187 76 23 68 161 36 69 75 99 116 26 77 99 50 55 113 176 116 72 11 73 57 121 85 27 186 186 175 136 48 78 21 60 151 94 51 58 119 54 191 61 68 154 61 24 142 97 71 125 78 72 88 40 97 134 41 73 93 126 51 111 119 75 17 120 29 21 145 27 53 151 93 20 14 135 194 56 1 23 8 89 60 116 172 42 90 146 23 194 144 15 70 18 33 71 23 137 84 59 169 56 151 32 30 78 131 51 198 28 145 141 48 99 56 6 6 185 194 19 147 64 8 170 103 69 40 127 20 10 2 2 64 72 155 105 27 25 26 26 144 14 144 152 62 103 150 26 0 0 147 147 62 106 32 119 86 37 37 35 69 59 192 189 182 178 45 85 33 81 39 82 52 173 81 174 175 71 155 157 191 161 74 8 62 64 181 179 87 143 149 54 91 106 79 110 85 181 8 111 78 8 72 14 83 30 194 166 112 69 152 48 133 125 6 66 50 55 47 179 118 15 142 95 188 147 142 47 63 97 85 89 176 178 62 40 130 62 132 47 26 81 133 143 17 144 115 73 157 26 26 26 55 105 109 165 72 159 184 48 65 183 183 55 2 105 192 55 79 176 109 78 178 116 191 26 165 134 107 94 142 93 189 60 154 107 190 58 26 118 88 123 125 48 97 190 69 106 173 42 118 57 152 29 39 120 50 59 49 64 195 115 15 143 18 17 186 144 16 119 180 14 16 134 78 70 190 100 30 90 34 153 73 191 94 10 115 131 60 120 54 185 48 144 153 61 149 20 9 97 26 146 7 78 106 142 55 191 16 75 81 10 180 180 191 67 90 49 76 18 22 145 105 111 94 163 164 165 111 118 52 187 97 0 94 30 87 121 71 115 172 172 168 130 93 150 56 8 8 80 48 82 196 194 55 61 44 136 88 120 3 68 14 104 164 55 118 119 118 60 24 3 66 53 75 12 14 70 54 153 151 151 99 185 46 92 28 101 36 151 106 89 147 183 167 104 149 103 158 100 123 18 171 42 87 24 154 36 165 97 74 2 3 62 158 77 72 172 107 29 96 84 136 5 134 102 11 161 39 38 124 103 63 23 53 138 66 44 79 6 135 109 30 197 58 78 63 55 152 98 151 71 75 197 116 124 79 130 194 116 14 120 113 38 131 62 179 44 70 101 165 52 152 59 55 94 7 6 75 27 155 30 102 14 140 89 115 36 194 53 114 8 109 72 61 69 19 147 56 104 11 107 158 68 4 63 44 94 89 81 34 161 194 21 144 192 54 199 78 196 194 175 54 176 161 134 49 136 43 107 165 61 69 23 69 139 139 93 43 89 93 32 31 68 111 107 8 176 85 25 86 58 177 81 168 144 90 26 86 91 190 190 158 148 21 184 47 142 147 103 42 125 128 96 151 68 26 26 29 106 196 131 81 24 112 9 49 142 142 70 26 92 20 116 89 130 33 146 18 147 147 147 51 144 155 75 92 188 58 0 119 92 53 144 170 116 41 92 1 0 116 53 192 129 9 77 126 99 110 194 102 190 170 104 194 109 168 42 74 120 93 119 87 44 153 62 146 16 114 94 134 157 75 111 54 81 19 84 78 81 50 187 186 112 71 86 16 63 50 46 97 161 110 65 147 147 54 50 111 161 122 62 11 119 1 75 62 92 111 115 23 82 106 163 44 82 19 22 30 98 150 99 147 176 82 63 176 60 107 74 158 194 151 97 141 92 138 84 36 14 53 88 22 93 129 61 178 72 192 55 89 81 9 58 147 22 142 139 54 61 144 20 144 144 73 14 33 161 169 112 99 191 134 53 188 50 57 176 177 111 184 46 82 72 191 191 126 186 93 161 43 137 142 13 194 57 48 134 38 86 142 18 126 37 36 36 35 42 186 92 49 62 39 90 143 13 64 1 68 43 52 106 36 103 52 142 122 114 14 107 30 9 72 119 59 50 155 159 66 103 76 43 109 103 156 51 67 112 89 95 186 62 181 82 133 106 137 52 176 69 158 161 81 42 78 8 76 16 141 94 165 6 81 78 20 83 109 167 26 16 70 37 76 29 151 106 159 160 171 50 61 55 163 68 109 170 170 168 111 119 51 187 186 187 91 186 164 98 127 93 117 59 26 68 55 59 170 55 140 100 192 99 137 85 87 5 54 107 148 99 186 114 42 68 155 134 61 19 21 89 48 104 45 176 74 59 72 67 103 152 63 55 19 20 73 122 54 43 30 119 17 114 47 78 127 127 77 164 164 97 130 78 164 194 194 11 131 139 139 132 81 134 75 126 31 120 17 69 198 90 189 55 9 9 82 12 112 107 75 97 176 83 37 62 86 11 115 177 0 199 58 93 106 138 10 67 157 76 198 116 54 182 44 72 75 31 158 161 163 74 122 144 99 1 198 62 69 75 78 172 84 116 86 198 112 119 88 177 84 167 111 119 100 33 33 33 157 108 7 159 1 133 103 78 132 50 13 13 78 10 8 104 47 99 142 56 103 65 94 133 194 107 80 183 51 106 153 96 74 47 143 48 120 184 183 170 138 138 42 115 86 77 125 131 194 195 14 64 109 89 182 91 2 81 110 147 180 103 168 80 75 44 148 62 90 142 142 117 15 64 24 20 107 159 157 36 81 99 36 43 130 76 194 194 10 116 94 161 161 103 53 124 97 185 91 117 97 44 67 36 46 124 176 176 84 188 186 161 77 7 109 94 75 52 175 172 168 97 134 134 134 132 197 79 50 57 99 146 19 107 55 144 92 158 93 49 73 111 23 176 173 117 89 85 134 82 131 80 175 170 99 162 157 70 97 67 5 103 161 69 116 8 137 94 43 50 77 14 117 35 34 109 195 194 66 130 112 99 132 82 75 158 158 70 99 156 87 17 88 183 53 33 110 70 19 143 188 26 94 75 14 78 90 114 179 95 99 6 114 87 170 161 101 163 196 76 159 75 166 184 184 183 89 97 189 197 89 35 108 151 3 105 59 99 114 36 120 72 124 6 137 134 194 189 56 2 8 23 70 50 55 99 130 8 61 69 12 12 132 36 14 171 44 138 152 105 156 155 64 151 90 127 8 8 81 3 134 176 118 54 50 45 168 82 190 189 189 192 195 101 65 106 111 116 171 106 149 50 85 93 89 119 106 168 40 26 65 69 111 105 72 117 174 113 118 109 199 71 13 14 69 118 71 192 180 45 120 69 107 72 97 42 89 127 43 46 90 161 42 37 101 154 6 106 162 38 41 91 199 63 75 46 120 130 81 117 106 193 103 73 54 103 44 135 13 99 38 92 56 88 198 107 111 65 120 58 102 167 103 126 62 182 60 144 134 130 87 111 58 151 109 23 47 50 69 144 101 106 77 170 171 107 93 44 115 7 72 40 85 47 112 161 100 155 155 69 47 90 72 120 106 169 82 135 116 189 189 188 116 70 164 40 166 93 8 183 49 53 112 66 53 182 175 109 150 51 186 148 48 181 117 28 119 71 197 66 106 144 91 87 22 148 55 47 50 57 149 91 33 155 157 184 186 188 97 61 69 113 57 178 79 84 139 18 145 47 177 174 89 144 145 145 65 13 79 8 37 97 145 123 76 1 61 51 189 106 79 129 137 139 51 188 49 76 161 188 1 73 92 63 30 16 73 53 176 151 102 64 37 88 62 0 106 147 25 90 75 15 61 142 133 132 119 179 179 60 199 74 53 120 42 43 91 152 30 151 79 126 78 53 0 161 198 57 168 107 169 172 45 78 72 152 155 174 85 99 119 43 67 170 111 175 112 72 81 112 111 37 13 176 185 93 107 17 140 139 133 68 38 75 23 154 64 85 49 91 117 74 19 121 44 173 114 119 90 93 135 50 89 6 67 194 196 70 176 18 78 3 97 143 142 89 0 170 44 194 194 196 110 168 114 54 186 147 28 114 11 110 166 78 72 123 37 158 170 61 180 88 107 166 166 38 164 190 190 48 79 81 37 119 109 174 45 74 160 93 114 50 145 52 48 72 193 170 81 128 116 85 136 188 94 36 113 103 33 86 30 34 36 158 8 66 11 118 33 158 137 111 116 22 77 78 179 50 47 185 134 134 134 42 84 48 50 154 48 50 76 175 115 171 58 64 3 63 156 62 174 72 2 183 144 129 43 50 43 96 23 142 59 8 60 198 87 83 30 14 109 33 15 108 4 120 103 129 42 70 111 176 78 123 39 65 14 134 196 103 49 117 197 170 30 150 110 74 194 177 46 112 23 186 186 158 101 26 83 107 199 114 123 77 194 103 117 30 111 42 119 121 56 166 51 181 76 128 44 96 186 191 59 50 143 54 190 14 193 191 178 170 57 190 60 50 119 99 115 94 33 162 45 55 154 37 95 182 47 111 25 112 85 170 116 38 82 108 44 46 118 14 99 144 97 54 193 71 117 60 103 4 133 12 76 142 71 196 186 186 158 131 128 42 50 121 103 55 151 62 84 134 112 29 84 106 47 67 111 197 87 48 69 1 114 132 93 33 97 13 142 57 186 155 59 146 146 145 140 95 122 19 170 179 161 158 139 43 43 76 32 87 144 24 86 115 47 32 82 20 147 147 194 97 62 69 154 58 153 154 185 163 72 99 66 12 11 65 154 70 65 20 16 79 90 43 170 173 55 113 117 13 111 43 55 59 194 194 8 128 91 135 81 59 4 124 89 107 23 144 176 42 81 111 72 160 160 105 109 4 110 112 33 107 12 9 5 0 151 28 23 78 72 99 146 146 95 48 61 103 6 105 163 99 52 81 102 148 25 93 48 127 39 170 171 86 21 56 188 48 139 11 80 112 38 132 40 43 61 6 9 71 162 102 149 158 158 35 114 25 46 89 58 114 74 118 198 153 23 110 87 124 43 133 120 52 43 22 72 78 58 85 16 74 96 89 61 4 67 113 173 194 194 193 158 66 10 63 158 94 176 161 8 138 65 107 116 7 197 61 68 99 28 22 149 27 45 170 75 51 199 85 138 139 91 112 113 7 79 30 124 76 109 87 50 184 116 176 161 65 12 66 181 112 167 194 8 51 143 23 90 56 191 107 170 113 51 142 107 88 30 51 82 41 130 103 172 81 72 85 36 37 92 185 69 38 37 118 86 142 129 77 195 20 91 29 32 37 161 29 147 97 160 31 85 43 86 93 111 119 90 120 44 114 90 19 47 181 44 176 75 72 21 32 153 101 73 109 31 90 28 85 90 7 176 72 34 67 40 39 37 37 91 30 73 193 193 57 154 70 156 106 123 94 12 39 91 0 63 170 169 103 151 43 147 21 128 43 166 186 2 70 118 93 144 104 166 165 40 99 161 66 92 104 196 6 111 77 25 33 57 150 125 7 126 131 43 34 156 72 61 83 111 119 193 101 110 173 180 51 78 72 197 112 174 178 179 48 117 63 8 166 136 7 68 97 148 174 116 33 106 120 89 186 78 183 47 81 49 147 127 72 75 4 64 5 108 176 176 106 115 61 109 87 121 18 62 118 73 156 44 76 14 115 134 132 90 173 103 10 71 31 89 81 99 70 47 137 138 93 12 57 97 56 195 104 163 7 112 8 110 71 12 42 169 79 194 48 186 53 118 180 83 83 186 50 82 162 181 118 107 77 64 29 159 156 26 75 112 113 16 140 13 159 32 97 2 3 3 0 114 49 54 169 45 167 44 85 23 83 109 18 127 158 10 129 158 103 109 29 119 72 80 42 62 47 120 35 71 5 110 53 113 15 71 8 85 120 30 97 78 42 95 187 183 46 180 50 57 156 194 56 190 135 49 189 59 37 160 103 72 78 142 92 131 167 50 94 49 55 82 129 20 148 116 182 181 116 55 119 97 138 52 119 47 176 177 55 50 70 91 93 61 57 115 72 57 81 144 29 163 92 53 2 2 158 158 156 71 120 57 197 106 113 47 151 57 36 162 94 82 18 72 89 22 21 81 23 31 82 90 181 78 158 51 153 33 27 94 71 116 64 149 149 149 33 74 23 86 93 152 152 54 158 67 109 58 99 76 165 104 5 5 99 3 72 69 72 194 114 26 26 26 147 30 69 186 121 75 30 30 106 170 4 66 182 170 140 53 117 84 48 67 153 26 62 94 54 187 47 134 119 120 89 26 112 65 151 147 39 33 8 69 4 161 193 134 43 82 25 26 28 32 152 115 55 57 76 117 76 26 149 153 66 199 61 67 3 54 72 69 194 119 112 92 147 120 77 21 112 127 127 142 100 149 44 46 182 97 147 151 48 50 140 140 99 91 97 90 79 177 45 114 198 186 55 175 59 47 186 97 47 107 161 95 47 186 4 106 64 21 94 115 68 89 87 184 140 11 157 69 117 180 92 55 78 110 47 140 113 72 78 170 12 119 181 52 113 8 58 195 0 78 122 15 57 114 37 78 33 196 196 61 177 72 158 73 159 8 79 93 36 118 141 14 169 109 142 68 114 172 53 150 64 123 118 17 78 180 182 113 106 55 47 178 59 91 101 150 25 145 141 115 43 83 134 51 1 2 68 33 70 117 196 57 195 170 83 44 80 165 157 74 97 43 182 107 82 173 112 6 5 134 67 24 116 44 119 122 72 161 67 160 159 189 15 77 113 74 103 144 50 83 9 68 162 174 42 135 91 45 45 9 90 75 128 128 128 153 31 149 94 75 125 125 80 38 159 33 73 119 122 128 36 36 92 126 47 87 23 13 114 71 194 62 155 103 8
416.626526 meters