file bear-13.jpg
nails 200
imagesize 150
populationsize 100
elite 20
genomesize 2000
mutationcount 0.001500
mutation 0.010000
minchunk 0.200000
maxchunk 0.500000
iterations 20000
stableiterations 10
goodgenerations 100
burst 0.000100
threshold 0.030000
ring_diameter 185.000000
thread_diameter 0.050000
save_every -1
history_step 100
---
2000 0.050000 185.000000  150 150 151 48 24 144 82 18 19 133 35 20 104 126 37 122 18 84 31 115 117 13 10 111 198 114 196 153 153 153 17 115 6 6 6 98 199 106 187 187 66 13 158 30 31 58 197 199 83 70 133 156 30 69 192 85 85 87 181 178 170 18 149 147 23 113 199 92 17 94 19 135 138 138 54 120 115 115 115 13 151 164 56 142 145 26 146 144 26 160 158 131 60 106 70 189 110 49 128 18 21 146 147 111 109 198 64 64 157 192 27 44 12 109 197 112 192 70 66 66 164 77 160 70 169 37 43 50 57 104 167 138 120 118 68 78 161 80 198 77 67 116 197 113 194 80 135 40 184 79 6 6 34 17 112 6 120 130 156 63 64 150 26 167 169 178 85 56 120 150 14 82 85 173 61 27 158 160 24 149 76 84 94 96 0 173 87 177 65 198 117 46 110 196 106 20 20 141 23 148 20 129 18 82 75 188 126 57 129 20 115 43 44 4 48 164 124 199 6 146 145 44 3 87 2 0 87 4 117 143 64 178 97 97 1 84 156 89 46 1 90 2 56 94 6 41 41 131 130 70 170 188 48 161 127 130 170 59 147 79 149 21 130 89 193 73 167 70 112 19 161 162 162 73 138 159 66 66 173 191 83 144 113 17 130 20 132 35 104 179 170 56 77 96 198 107 48 130 77 157 22 126 164 180 69 66 153 63 144 122 6 96 197 99 190 73 70 164 33 37 188 187 187 85 188 8 97 54 134 53 56 134 38 135 53 162 23 138 64 26 164 85 84 177 81 83 177 66 180 170 34 128 73 169 167 167 167 158 153 27 167 55 198 199 104 96 96 53 125 128 73 192 100 167 61 153 153 153 8 77 132 130 130 130 54 172 70 27 77 155 27 174 39 39 143 81 199 86 84 184 106 79 153 43 34 165 82 187 41 116 15 156 180 113 134 24 150 156 157 160 161 29 156 23 91 1 120 32 32 171 84 160 69 187 83 58 91 198 35 35 130 74 135 21 194 72 66 103 194 91 6 89 158 81 15 121 50 52 194 107 99 160 78 72 59 55 55 173 88 48 117 184 187 188 103 176 106 120 121 12 193 99 67 82 184 198 37 106 30 181 114 48 12 158 175 92 96 138 131 68 154 150 142 19 126 67 67 174 80 170 24 4 127 74 189 189 38 102 94 153 21 120 147 115 135 23 76 141 108 37 104 183 92 5 48 111 145 143 142 139 115 15 185 83 190 120 120 142 144 150 27 156 158 77 39 36 102 102 96 2 109 108 20 139 141 58 170 138 80 85 96 194 53 173 57 133 6 118 10 150 82 44 111 1 87 67 147 44 118 43 150 140 75 115 126 70 76 180 84 191 77 184 85 91 193 189 181 31 163 167 51 162 191 197 100 5 20 135 52 7 18 89 195 87 18 143 115 158 67 150 150 16 86 187 43 5 89 189 181 179 83 178 197 120 120 116 115 42 148 25 30 170 94 101 10 3 102 1 124 17 99 56 151 46 122 131 36 28 152 20 136 2 84 176 90 199 179 111 46 7 98 193 69 149 23 6 107 180 85 93 194 174 33 45 120 120 111 110 110 40 146 184 191 87 175 138 44 114 111 191 95 189 102 6 7 9 11 19 134 76 77 180 64 41 129 126 126 126 126 89 8 126 20 156 11 8 103 16 36 188 197 103 138 25 189 75 180 89 192 192 130 96 96 156 156 156 24 28 154 153 24 140 142 184 185 85 19 56 158 48 71 188 150 135 22 22 28 31 80 199 1 110 73 175 32 169 31 167 48 40 141 24 139 138 77 6 5 53 53 77 77 145 103 198 97 18 126 1 63 143 20 43 44 10 115 150 153 189 68 67 184 48 126 58 161 24 96 191 81 150 77 120 52 166 28 27 27 102 119 54 173 92 16 18 37 37 64 64 23 23 145 58 58 166 70 173 103 101 15 106 190 80 164 115 199 199 89 48 193 46 44 190 56 49 153 44 91 89 0 14 120 164 103 184 83 11 116 144 21 89 17 110 130 130 132 59 57 123 20 146 75 58 11 85 6 137 178 89 89 4 96 96 27 110 110 19 26 170 92 2 199 158 158 78 167 168 50 130 164 169 80 154 158 193 88 113 29 154 153 142 138 197 87 41 128 103 102 199 125 58 180 83 163 50 131 23 167 17 120 48 122 194 47 122 128 138 75 78 162 18 123 150 28 153 153 151 24 22 139 157 27 59 94 194 193 115 194 159 157 23 9 5 0 102 106 110 138 138 115 115 29 153 110 44 185 73 94 25 22 156 158 163 86 194 89 19 136 10 9 102 142 82 171 171 56 166 83 1 0 193 167 149 27 160 158 46 160 48 31 29 29 159 27 106 150 49 164 167 60 99 196 92 93 20 103 199 64 97 23 152 29 60 148 192 193 199 44 189 195 16 118 27 108 73 85 92 30 180 103 175 175 56 121 1 173 67 67 38 179 90 5 37 101 4 69 164 188 76 44 158 158 95 2 32 25 23 142 64 187 89 10 110 14 133 77 156 42 105 6 93 155 44 8 83 10 13 157 31 183 108 31 121 125 16 98 102 106 44 44 27 27 48 129 72 70 110 111 30 113 113 20 144 134 36 186 87 59 55 56 58 65 180 90 195 74 65 156 195 86 180 39 4 0 197 97 26 153 92 6 6 80 165 49 160 47 152 64 181 44 44 192 110 13 27 148 77 114 14 56 48 139 54 27 194 83 193 186 102 19 19 87 115 115 30 44 154 94 48 48 192 105 111 137 24 99 9 1 64 64 175 170 71 129 126 56 174 87 87 183 89 1 1 33 115 167 86 193 101 101 100 83 148 54 168 83 195 85 152 61 130 128 70 175 172 168 51 169 72 173 6 109 27 16 70 66 162 164 164 144 75 194 48 189 81 194 85 158 97 4 37 121 149 173 82 179 60 150 170 180 180 152 45 123 130 42 188 189 47 47 138 39 39 189 84 167 167 46 189 82 84 188 39 111 196 75 142 3 170 120 192 87 37 130 4 102 17 111 75 82 82 1 10 143 25 142 130 130 147 81 198 0 82 64 39 6 36 122 85 183 183 182 37 72 132 19 39 142 46 156 44 133 20 150 84 96 32 179 158 155 85 197 119 48 96 25 72 77 82 192 58 100 16 44 197 89 82 147 10 198 87 15 119 35 32 115 72 131 111 109 18 32 123 198 1 42 39 37 120 71 73 130 12 107 106 18 112 150 62 182 64 66 66 1 93 95 6 138 188 81 48 163 185 47 6 81 141 145 82 2 88 184 164 82 197 94 177 167 185 66 96 89 184 185 102 62 48 48 48 51 94 179 180 98 137 23 18 105 185 71 126 33 166 85 176 178 108 193 191 115 115 93 180 60 141 65 185 33 199 87 193 118 34 173 138 138 106 106 156 188 83 189 188 187 37 36 181 60 146 66 69 170 175 180 42 71 130 36 39 58 172 96 187 90 18 193 85 89 27 179 170 89 110 11 15 153 82 142 26 156 184 44 195 110 111 188 58 58 135 176 87 166 164 84 186 83 18 85 83 162 164 167 167 79 137 137 58 181 89 120 51 28 22 18 115 170 60 56 141 185 82 157 155 24 94 188 184 61 10 100 18 96 96 94 20 142 57 161 77 78 156 155 48 49 6 10 95 96 56 56 167 24 19 118 120 173 24 138 81 10 51 52 164 123 58 121 20 145 52 187 187 161 159 70 187 79 84 193 50 47 140 21 188 55 138 10 98 197 83 182 164 83 183 187 39 110 194 44 134 62 67 179 173 37 170 167 120 19 48 52 130 15 146 51 23 126 167 85 196 108 4 115 66 171 54 50 45 184 69 70 171 180 37 39 123 1 85 156 13 111 20 164 81 13 106 180 63 64 103 179 178 82 140 20 91 170 142 77 197 1 138 58 58 122 120 112 194 74 72 193 192 160 160 181 83 170 74 136 22 89 19 130 40 126 126 34 185 37 37 103 61 106 41 39 130 160 193 70 102 180 179 179 6 119 119 4 110 111 29 27 27 37 136 117 44 48 82 180 61 62 94 89 160 67 156 66 155 70 179 66 110 110 59 180 96 10 38 27 24 146 82 181 179 136 45 39 35 185 84 153 120 110 6 83 174 84 192 192 173 89 3 44 87 185 176 89 84 84 19 127 130 132 67 190 70 68 166 79 79 182 33 4 138 138 164 78 163 139 133 132 10 58 58 58 61 105 124 124 12 120 18 158 71 160 161 66 94 58 102 10 39 124 127 20 27 63 67 151 113 14 15 135 24 165 170 53 130 56 138 74 79 164 23 160 51 170 184 184 184 179 172 164 111 18 23 158 94 7 4 103 101 64 64 14 65 170 62 145 147 27 28 102 93 185 185 88 82 141 4 196 58 56 176 102 102 105 70 177 179 188 194 73 160 153 126 120 2 89 52 119 20 138 138 22 143 138 117 30 19 98 4 2 65 101 8 9 107 105 182 87 167 167 35 35 131 20 44 120 130 23 24 164 50 189 87 84 15 7 4 106
238.748415 meters