file bear-15.jpg
nails 200
imagesize 150
populationsize 100
elite 20
genomesize 2500
mutationcount 0.001500
mutation 0.010000
minchunk 0.200000
maxchunk 0.500000
iterations 20000
stableiterations 10
goodgenerations 100
burst 0.000100
threshold 0.030000
ring_diameter 185.000000
thread_diameter 0.050000
save_every -1
history_step 100
---
2500 0.050000 185.000000  173 173 101 2 126 113 106 11 117 199 85 156 155 63 47 39 120 38 49 168 69 72 185 70 147 2 83 195 123 11 124 196 87 5 43 195 195 98 16 17 17 93 93 137 84 186 33 11 104 3 84 20 147 147 26 149 178 61 59 166 22 161 192 193 81 130 8 109 100 196 85 23 196 167 126 148 85 161 82 3 56 176 197 126 153 65 0 173 30 72 167 45 160 161 12 116 142 21 130 19 42 44 116 119 143 62 24 182 6 117 190 66 145 143 47 10 158 180 79 120 6 96 196 80 99 28 180 82 80 10 117 136 37 133 129 64 156 77 138 137 21 155 43 114 160 27 185 127 61 68 124 124 125 133 76 98 98 198 75 78 82 21 175 139 6 138 19 53 89 6 87 81 85 86 198 10 100 157 153 85 19 19 110 82 181 24 145 150 97 4 0 195 71 194 6 111 110 190 71 149 146 146 146 108 105 99 151 149 133 84 192 42 42 110 176 112 35 130 10 8 2 119 182 119 47 190 72 90 2 149 61 172 197 106 53 193 93 19 126 185 185 181 178 114 15 16 81 164 80 168 172 84 146 20 24 161 185 108 2 88 47 12 15 87 197 125 128 131 21 149 143 143 79 131 43 10 159 21 158 20 22 145 20 89 192 44 194 72 123 126 74 124 17 98 64 178 172 36 39 43 146 40 39 28 186 193 89 195 73 185 44 117 117 181 172 32 167 26 179 116 154 10 99 61 151 49 65 68 190 190 189 161 30 28 177 180 24 10 112 19 104 2 198 113 9 22 167 143 24 50 55 61 3 146 112 20 12 105 175 81 70 110 29 171 51 196 143 141 21 19 21 83 137 47 163 187 85 7 93 3 94 134 36 1 87 163 158 144 86 2 106 140 38 190 161 163 184 82 97 111 119 125 75 126 128 81 47 104 77 130 12 114 33 41 40 20 131 35 189 96 27 156 129 76 189 186 83 92 94 91 195 197 97 77 101 101 12 19 143 142 49 167 86 82 56 13 99 64 18 129 80 190 187 89 13 116 134 45 12 12 153 27 161 161 137 77 128 52 70 183 101 0 21 160 161 49 115 114 30 27 152 43 86 181 149 22 110 2 82 131 131 129 19 22 19 99 133 53 56 61 64 64 149 62 67 191 80 108 108 30 178 177 73 114 19 87 168 44 198 20 156 158 69 37 37 35 17 84 2 99 197 198 89 8 4 87 85 133 45 137 85 185 33 124 124 41 49 80 161 101 196 93 28 110 20 154 188 33 16 36 193 138 62 62 57 117 114 2 2 113 177 38 131 74 114 14 29 164 79 0 39 115 4 89 65 94 193 70 171 31 106 28 108 39 35 108 143 142 137 136 192 151 22 19 49 86 81 20 83 51 51 76 137 140 141 85 77 126 60 173 110 129 36 28 23 144 113 21 157 13 134 163 52 169 20 133 21 145 40 37 16 119 184 184 158 101 29 112 46 47 1 115 19 108 173 145 58 37 117 114 197 56 56 130 131 130 129 9 157 73 196 196 199 138 55 70 71 72 119 46 39 102 7 142 0 199 57 143 177 153 26 163 164 132 44 167 85 197 1 85 184 94 10 126 62 199 84 85 178 104 14 87 17 21 148 0 89 82 45 45 157 65 143 139 135 21 138 86 77 152 131 125 119 117 17 65 189 85 182 196 120 185 85 149 153 158 80 199 61 85 191 196 90 25 146 85 88 181 175 34 188 85 166 87 10 84 82 79 99 17 64 153 62 71 196 112 195 57 119 20 85 139 20 129 153 8 152 20 16 147 22 20 81 165 79 84 83 194 194 87 82 77 129 37 97 3 4 154 44 144 19 116 56 90 193 160 104 144 145 85 186 61 142 143 86 20 148 2 116 54 176 137 131 0 126 6 193 190 190 39 44 138 180 71 106 171 23 134 42 16 95 88 166 137 137 22 27 27 97 0 2 87 62 130 189 53 122 126 16 56 75 81 17 134 75 75 72 62 58 58 178 56 30 166 166 79 85 68 185 88 183 120 47 53 67 151 156 194 74 99 39 124 115 11 158 30 94 94 197 49 48 161 47 123 194 70 146 19 111 29 163 17 80 193 191 81 199 89 19 25 61 1 147 53 84 81 177 65 154 68 148 45 49 87 167 167 192 85 195 102 106 177 142 40 2 92 149 154 174 54 17 29 29 26 154 45 48 165 129 198 58 82 11 162 12 112 30 2 146 86 192 195 0 2 91 19 81 79 113 114 47 159 154 148 60 143 140 10 45 46 161 20 80 61 17 94 77 6 36 36 130 51 27 150 121 37 161 104 142 19 132 17 82 79 114 44 134 101 197 89 12 10 7 156 29 186 35 113 20 163 144 128 123 120 96 151 149 77 79 154 112 56 77 140 139 37 37 140 39 35 123 119 197 91 6 92 198 74 73 175 85 72 173 163 160 79 194 84 18 134 20 79 133 108 41 101 31 111 11 142 80 21 161 78 117 53 118 183 79 130 50 144 143 133 188 181 110 13 27 56 123 77 132 83 20 180 6 119 15 17 104 180 89 120 49 196 86 86 193 35 94 89 89 95 62 124 6 113 101 6 103 103 30 0 86 147 69 179 28 154 100 4 152 152 115 115 180 177 58 137 104 10 107 106 186 30 165 24 87 171 69 190 131 122 114 18 113 197 81 78 72 189 132 45 55 175 168 27 165 166 49 77 139 42 40 124 5 153 37 116 35 70 62 57 53 129 80 8 100 9 101 101 101 105 130 18 100 40 110 14 135 79 126 1 93 104 111 2 150 173 36 37 119 56 51 51 16 97 11 9 6 187 79 161 69 19 19 45 190 113 113 26 145 130 188 104 105 162 79 110 199 130 23 154 21 23 153 28 167 163 81 12 49 53 116 10 76 180 87 18 85 194 3 86 139 23 8 8 108 16 149 154 155 27 53 171 66 151 20 100 107 115 31 71 161 50 55 56 133 134 84 20 103 110 6 40 28 0 111 17 144 173 154 110 52 53 173 61 124 70 45 114 117 4 0 87 79 196 110 77 85 198 87 19 147 27 169 2 89 166 17 89 81 94 18 20 130 58 144 24 151 168 89 61 61 59 118 126 76 7 8 97 174 81 7 6 112 136 41 45 116 180 108 5 177 29 53 174 111 14 44 56 172 167 29 170 84 136 137 56 55 53 53 108 174 105 2 87 191 194 103 3 1 89 86 185 115 179 81 169 167 185 152 36 117 115 177 56 139 19 83 58 17 79 191 190 83 133 156 65 110 197 121 61 65 6 123 2 2 98 9 114 119 135 47 89 182 66 88 91 190 84 193 83 62 173 81 19 28 37 99 3 101 105 109 110 112 117 130 75 77 143 6 154 77 199 95 80 136 106 29 29 160 73 78 94 80 163 74 186 87 190 94 151 85 190 86 85 177 176 36 192 198 76 128 50 115 177 179 56 117 59 27 154 196 76 187 134 53 123 131 137 37 13 113 56 30 45 51 197 197 102 39 97 44 2 85 45 44 44 16 99 129 135 45 131 130 161 83 187 30 167 81 178 169 30 35 100 123 70 165 89 189 122 18 20 87 193 173 167 108 108 94 24 167 71 192 87 17 86 67 156 158 68 97 2 167 107 194 124 197 74 161 127 197 159 45 117 151 97 171 149 20 97 25 149 3 110 32 187 182 67 192 83 42 124 74 108 40 26 89 194 194 80 126 51 198 189 87 3 26 182 188 96 10 157 158 70 94 94 56 17 121 160 47 191 159 48 47 162 164 16 90 89 81 77 123 0 87 80 124 19 21 27 27 183 29 28 20 80 19 21 139 131 122 149 149 149 117 5 90 31 112 17 97 115 65 151 64 63 94 27 151 123 17 60 177 24 150 155 102 45 136 21 87 6 90 75 70 107 108 106 12 111 122 129 21 132 190 41 40 144 67 186 196 98 115 2 173 52 146 117 15 16 85 143 26 40 140 9 106 97 62 154 99 110 53 163 23 21 17 94 53 53 51 163 79 134 19 21 9 156 101 17 110 7 127 62 60 119 59 120 119 194 40 102 95 87 3 83 196 1 145 146 167 56 149 27 101 102 21 153 69 185 178 62 122 126 37 135 143 185 84 49 49 102 2 151 172 177 83 0 23 146 143 142 23 27 163 85 82 78 154 24 142 64 3 75 48 158 158 83 185 89 97 19 82 20 157 27 104 45 118 49 32 181 180 110 21 152 97 196 8 95 148 26 28 29 162 84 19 70 174 34 168 163 196 89 5 27 28 94 70 175 162 21 118 39 39 144 94 11 19 21 89 56 140 119 113 113 119 32 189 80 169 58 176 107 81 42 100 3 97 74 177 21 108 81 2 153 161 51 173 176 24 6 80 104 197 47 117 16 25 89 80 137 14 42 106 192 33 21 134 80 12 35 190 97 14 56 56 199 6 114 116 51 56 88 167 167 127 74 188 79 185 184 84 83 8 129 35 185 27 12 77 100 78 78 137 25 177 114 35 128 42 113 55 180 94 196 88 167 120 120 156 23 167 20 123 59 99 36 194 94 93 71 85 82 65 141 39 12 119 60 181 79 159 116 76 117 180 58 143 149 19 151 151 21 120 17 116 119 161 163 42 126 123 116 199 87 143 152 35 124 119 45 113 113 112 111 196 44 158 39 30 89 3 91 89 2 100 156 69 70 70 112 82 185 94 1 57 55 177 94 97 9 9 158 8 136 78 17 24 153 97 29 187 64 65 67 157 185 61 146 144 21 117 183 84 81 72 158 27 28 95 70 62 56 174 184 29 161 10 192 36 62 17 85 44 83 79 19 120 188 29 28 18 120 10 12 83 54 172 140 21 104 38 134 173 190 190 89 20 87 182 179 65 180 179 58 127 77 136 19 137 142 59 61 61 57 136 131 53 49 164 50 45 6 85 136 13 193 68 192 73 156 40 37 31 25 144 10 97 97 53 167 3 85 171 170 124 158 29 165 51 190 93 10 89 11 155 130 130 129 51 170 85 58 90 17 89 58 125 79 173 93 102 129 17 51 109 173 23 26 180 91 0 81 176 113 19 131 133 190 70 85 81 82 146 21 106 174 130 64 95 152 83 17 110 76 197 80 86 141 142 39 32 3 96 131 83 85 62 30 8 104 102 102 8 91 95 197 2 94 69 80 160 10 51 111 30 174 62 171 123 40 190 99 99 188 30 109 29 73 190 180 57 12 100 99 158 176 61 58 116 6 156 21 19 140 49 116 109 105 104 28 152 137 40 18 133 44 162 177 190 193 191 45 55 134 21 143 137 137 134 177 89 191 54 129 75 81 3 84 161 81 185 99 100 66 58 56 150 66 152 42 10 102 16 49 49 112 177 136 133 132 53 50 45 155 6 6 6 140 86 184 0 27 27 181 26 25 156 44 157 42 129 197 117 35 120 53 197 5 26 94 7 92 17 96 70 104 39 32 106 123 39 143 20 135 12 110 140 58 124 126 199 86 142 84 17 106 175 62 152 155 99 87 51 144 85 28 44 115 36 188 83 80 167 173 35 37 37 36 35 177 36 185 31 113 43 192 49 0 137 131 128 161 168 183 85 140 80 0 85 193 196 196 92 169 23 19 3 180 180 196 84 163 24 10 6 94 12 138 128 6 89 108 113 116 47 192 84 135 77 134 153 154 8
295.324932 meters