file bear-6.jpg
nails 200
imagesize 150
populationsize 100
elite 20
genomesize 3000
mutationcount 0.001000
mutation 0.010000
minchunk 0.200000
maxchunk 0.500000
iterations 10000
stableiterations 10
goodgenerations 100
burst 0.000100
threshold 0.030000
ring_diameter 220.000000
thread_diameter 0.040000
save_every -1
history_step 100
---
3000 0.040000 220.000000  63 186 185 153 158 77 183 151 130 189 163 66 142 54 85 197 196 86 70 25 58 95 33 43 35 183 102 132 131 154 38 39 142 144 37 126 163 115 0 43 73 82 186 186 184 101 112 64 7 10 59 171 30 151 188 66 185 163 99 142 91 154 93 174 188 108 125 47 145 107 86 174 174 89 134 161 157 56 163 163 61 154 40 28 164 192 70 59 149 112 183 76 114 18 90 37 194 194 156 48 24 105 87 151 43 61 140 169 139 166 194 163 71 16 112 1 62 94 94 36 39 151 21 50 6 151 35 47 146 194 145 42 20 43 144 170 0 4 130 70 40 124 86 64 21 136 185 7 142 156 69 130 144 124 143 40 194 4 174 7 176 176 32 61 89 90 34 109 105 12 186 97 106 110 194 160 160 83 90 53 157 158 158 63 4 110 9 112 63 69 193 61 37 93 93 34 104 162 132 33 48 131 39 123 23 161 163 46 78 72 24 55 61 156 194 46 122 68 198 89 0 1 1 47 154 154 47 156 73 179 89 46 50 91 151 139 167 178 186 194 67 156 72 174 149 44 145 45 85 186 196 85 119 22 176 172 127 125 122 131 44 124 82 55 61 195 112 110 62 35 31 172 178 174 63 141 65 192 130 156 44 38 183 184 113 112 76 10 27 66 31 95 186 41 45 55 26 24 115 148 45 10 75 33 41 45 2 68 154 50 186 111 64 63 157 139 24 17 26 123 83 180 42 146 132 46 50 147 51 89 190 141 106 12 80 196 195 193 73 180 144 45 39 34 148 51 160 30 96 7 55 136 183 146 18 93 92 54 187 192 156 58 138 145 48 64 115 7 8 44 151 40 1 24 26 67 184 111 35 132 72 39 31 87 84 52 130 156 49 175 33 29 22 145 73 3 84 1 1 90 170 104 133 43 47 155 57 40 186 105 107 166 166 77 10 67 141 50 137 97 112 7 119 37 70 178 82 185 114 119 26 112 112 177 69 93 185 112 137 172 176 176 34 32 39 189 42 195 57 54 158 140 198 79 57 154 124 37 62 163 165 185 69 32 110 35 117 15 144 61 68 41 5 5 142 109 125 48 89 89 55 50 84 56 188 107 193 90 136 164 163 181 33 55 93 171 139 45 41 156 157 24 21 83 52 88 88 149 174 12 30 50 126 172 130 43 7 131 42 69 57 101 60 185 142 168 77 38 76 0 30 34 74 160 70 68 171 176 175 83 176 89 154 60 90 183 111 179 176 80 40 150 39 73 194 55 128 123 125 45 62 156 156 156 55 157 180 6 197 156 63 194 148 53 156 172 123 19 110 6 4 181 35 66 42 130 54 154 153 41 127 152 92 38 144 185 184 79 1 114 6 78 31 70 178 81 54 84 45 124 22 26 51 126 144 163 134 149 50 43 124 50 131 132 73 163 63 189 37 32 103 103 26 38 142 42 154 156 120 43 147 181 130 153 40 128 131 6 142 52 159 68 42 156 74 12 77 81 172 90 121 42 154 59 162 116 6 150 90 135 124 124 93 151 55 156 51 59 57 99 144 75 68 132 12 48 132 40 154 171 31 29 71 20 80 4 89 24 58 136 131 94 174 168 86 117 21 187 97 97 40 135 93 180 41 52 132 13 97 50 158 137 168 70 51 166 30 84 5 61 55 50 125 132 45 73 97 141 35 127 174 62 50 45 55 132 159 4 194 154 44 152 90 190 176 139 29 168 81 91 137 51 39 154 69 75 121 38 127 170 124 118 192 189 66 182 139 57 148 121 26 86 34 69 124 101 99 36 123 40 74 11 131 12 97 33 61 68 118 8 112 42 144 194 51 96 194 82 1 176 56 131 128 131 129 148 50 45 6 73 162 91 171 90 50 66 119 23 112 20 12 12 46 71 27 115 144 69 163 111 2 193 58 19 55 76 120 123 123 128 49 130 135 168 30 70 173 32 80 52 180 70 160 144 40 189 89 49 83 185 55 45 55 57 98 10 112 196 69 46 55 97 165 28 147 1 1 57 14 14 16 142 173 172 58 135 131 52 151 150 53 156 59 51 131 52 19 145 106 40 131 100 35 31 70 154 64 26 63 158 62 69 50 130 46 157 68 134 50 160 185 99 68 176 98 139 137 168 66 58 189 195 67 121 28 81 60 140 161 27 123 146 179 180 142 172 83 174 142 50 166 180 55 130 52 161 70 55 50 151 156 50 57 150 82 32 93 137 171 185 192 66 170 31 90 58 153 126 176 106 41 151 84 19 99 12 158 5 115 104 165 63 140 170 145 124 34 177 186 113 135 91 93 121 128 156 174 145 43 155 71 156 43 73 25 24 10 4 77 148 84 110 26 72 33 57 19 113 185 151 86 156 52 136 142 183 34 88 197 40 119 167 85 50 57 194 56 161 78 72 28 22 68 119 38 131 56 61 162 163 101 33 81 18 144 112 79 166 160 69 72 144 167 65 117 32 62 32 178 187 86 56 97 54 43 77 101 189 152 163 169 70 34 178 97 93 149 20 89 30 66 93 36 65 63 106 90 174 188 39 50 16 198 83 68 123 36 58 139 179 70 157 198 108 36 122 40 50 127 114 14 130 37 67 143 10 87 87 153 131 104 57 157 57 84 7 5 124 158 64 167 194 69 59 57 161 163 191 139 59 68 162 169 89 32 86 50 45 67 24 158 91 179 97 53 62 69 7 75 106 106 3 39 32 102 57 170 58 177 70 89 93 162 159 156 120 35 54 159 99 7 160 26 1 1 107 109 19 114 181 160 136 146 46 140 103 196 99 99 99 140 186 70 32 116 3 194 54 131 32 72 69 136 93 64 113 65 133 153 22 116 10 52 13 108 63 29 84 185 36 53 141 1 186 150 0 194 174 173 130 115 43 153 116 1 100 141 76 105 151 85 30 60 173 102 142 167 31 41 10 9 18 144 9 117 124 39 143 174 176 199 124 150 50 197 142 195 155 50 154 58 157 50 45 123 32 132 49 7 10 40 76 50 0 86 62 109 112 130 44 132 57 151 136 140 36 69 69 158 61 69 39 33 89 55 50 169 126 39 70 26 164 116 134 51 135 134 42 194 61 69 61 110 91 93 53 95 95 4 62 82 133 129 174 54 61 57 39 153 94 158 52 48 124 165 165 69 24 156 24 38 70 164 89 3 141 189 99 153 38 37 131 43 71 191 93 30 33 63 151 181 139 131 47 133 163 78 185 67 69 40 130 130 51 38 134 86 148 7 5 62 50 41 154 60 15 18 21 61 84 48 138 99 99 94 89 136 137 197 149 89 19 44 123 37 99 183 150 36 92 123 43 70 32 65 12 118 119 122 43 151 126 35 67 176 1 176 144 17 105 106 106 106 149 53 198 123 38 67 191 43 143 41 102 160 153 190 190 160 54 180 181 86 84 172 178 175 169 68 46 154 44 86 30 54 156 59 106 143 34 100 196 40 39 191 41 45 60 153 134 134 49 156 163 93 95 15 107 33 15 79 7 76 5 110 145 144 106 99 55 50 11 8 74 49 154 48 198 57 163 168 126 93 22 87 12 177 33 29 37 107 106 64 163 180 1 46 124 38 32 55 45 41 11 144 10 126 52 24 68 160 160 98 178 89 10 119 100 109 12 47 127 36 90 55 154 49 1 11 110 174 18 180 97 159 64 69 169 31 31 73 62 159 12 58 134 150 54 79 28 22 152 153 191 169 86 3 67 33 75 163 164 61 13 14 172 61 185 185 37 69 140 102 105 120 27 169 29 122 121 34 70 170 166 69 75 89 89 83 43 68 1 157 90 17 117 144 166 66 116 146 114 142 194 118 154 52 154 45 156 2 1 142 9 123 48 64 23 23 20 38 65 158 68 50 167 135 132 36 120 7 88 11 67 132 50 82 82 69 22 67 23 181 95 164 137 96 104 145 46 48 154 145 123 35 142 172 32 142 48 153 192 192 189 86 188 165 1 156 47 8 70 55 100 121 41 123 68 30 29 69 35 131 68 44 13 144 108 132 39 141 64 15 99 139 59 55 18 194 123 46 4 93 158 134 52 26 26 0 195 193 191 89 50 133 84 12 119 146 44 32 47 137 16 144 76 3 81 19 171 16 146 153 160 175 175 130 32 90 12 40 112 176 160 129 53 43 10 103 190 61 186 128 45 130 9 122 39 133 80 186 103 182 182 112 146 173 48 7 30 71 36 118 146 143 149 55 105 106 86 33 123 34 180 35 31 96 97 87 1 94 7 66 164 140 34 176 199 158 163 102 59 103 20 63 154 149 54 36 130 194 106 193 94 144 73 34 41 187 184 49 158 0 195 71 132 37 184 128 124 24 122 42 19 22 28 44 12 129 1 64 114 42 1 39 96 160 93 54 149 36 74 106 118 23 16 131 69 57 178 111 7 149 46 10 174 57 17 120 39 32 68 10 48 158 59 188 103 144 17 115 142 146 80 197 190 192 110 144 114 24 26 61 145 60 186 184 34 130 190 191 59 32 124 131 55 173 125 35 149 145 16 176 128 43 125 32 84 81 78 72 64 161 69 168 12 33 69 45 76 19 148 32 74 142 3 174 130 56 154 43 154 54 144 44 50 70 167 124 105 107 60 57 186 150 88 174 23 156 51 70 29 140 66 12 143 149 182 61 62 194 17 84 142 165 80 116 19 119 35 41 190 194 194 66 47 158 160 159 7 117 24 12 61 109 56 95 138 29 62 66 112 5 79 148 124 156 156 50 138 176 132 12 195 195 106 124 145 40 180 175 66 59 180 7 113 6 144 142 142 39 55 33 109 73 35 32 96 96 20 97 97 174 174 118 67 120 22 53 131 45 199 198 46 193 70 68 193 63 86 87 135 50 65 41 198 87 80 39 8 78 199 69 20 120 128 37 143 148 182 58 73 0 123 47 46 156 10 151 124 25 21 99 51 132 128 155 155 55 69 27 125 171 7 86 49 59 105 60 26 23 163 163 160 10 70 56 155 45 147 26 106 52 133 54 156 64 190 62 41 148 49 126 32 64 176 53 44 125 42 149 34 131 46 126 42 151 180 24 116 89 84 28 56 174 168 79 178 145 1 123 69 59 55 50 18 111 62 69 12 68 124 149 1 92 126 53 153 49 60 190 153 61 34 106 166 120 21 183 80 132 130 47 84 108 33 115 198 65 174 144 70 145 17 101 93 153 101 101 93 147 24 61 161 99 6 70 54 61 69 41 73 111 15 131 14 167 69 9 10 35 75 70 155 132 11 111 118 10 10 51 185 106 179 63 23 90 163 140 101 96 56 99 174 138 138 158 70 65 44 122 122 112 2 49 93 26 45 51 154 194 176 90 124 49 167 138 130 157 60 106 10 62 106 165 70 45 41 194 109 24 146 26 163 114 8 61 108 4 144 46 35 58 186 112 148 2 117 8 10 145 20 124 42 199 199 184 56 196 84 198 69 72 194 107 11 81 186 35 130 101 32 174 80 147 153 42 127 24 121 84 186 130 67 78 36 125 51 196 63 24 106 188 197 84 9 53 154 193 64 69 162 30 73 37 56 100 142 57 55 50 154 51 15 24 65 112 17 56 187 44 163 30 53 135 14 13 65 3 50 43 151 111 93 148 82 10 10 131 156 196 0 12 55 62 154 53 160 100 18 121 121 39 125 113 63 152 41 3 105 90 49 151 53 130 11 10 60 104 26 28 72 1 124 41 39 31 173 127 148 33 35 41 155 73 73 1 158 99 110 186 163 24 160 5 75 78 78 197 197 109 18 67 49 90 112 180 108 143 170 138 163 112 162 174 33 142 117 26 66 197 125 169 123 123 37 77 64 47 153 187 151 117 190 37 182 78 27 116 18 145 56 143 188 60 156 65 45 86 46 129 129 56 156 196 70 142 69 192 68 40 195 153 48 149 176 32 73 72 68 143 35 108 151 124 182 174 31 49 146 2 186 37 122 27 50 26 11 118 20 194 156 44 81 126 50 172 179 151 188 189 61 165 77 50 57 69 79 51 73 78 81 45 50 174 142 4 24 30 169 80 43 149 130 155 51 20 30 90 10 104 58 176 66 129 179 10 93 33 124 40 16 52 160 84 112 112 111 36 186 151 134 134 39 152 93 58 180 149 61 199 35 89 69 130 40 109 32 86 142 158 154 154 127 39 145 52 69 131 129 176 145 127 163 105 32 174 61 99 5 88 188 58 42 155 141 36 124 47 163 86 135 15 10 159 131 68 142 106 104 104 185 166 99 58 160 163 74 37 42 152 46 84 64 12 49 36 70 156 57 180 61 39 34 144 12 104 163 143 12 130 132 54 151 149 183 1 150 41 39 32 36 60 33 176 93 96 54 106 33 31 26 136 154 53 136 16 113 146 131 130 1 93 58 191 60 92 31 97 97 160 158 66 177 198 157 50 58 103 61 66 132 78 9 176 50 93 123 157 161 62 68 163 136 192 40 81 196 60 97 142 154 154 62 7 46 154 88 50 40 188 187 24 24 62 30 26 99 132 131 149 83 199 146 60 38 33 174 103 65 114 149 180 33 32 47 147 76 167 26 161 160 62 149 107 61 68 186 106 2 91 32 39 130 41 34 94 9 181 149 41 22 103 99 170 142 142 146 150 55 169 82 41 154 158 56 179 180 186 7 143 52 154 154 90 92 135 131 130 149 60 24 99 97 123 42 153 191 189 189 21 68 121 21 18 97 153 118 28 44 153 112 145 120 68 163 27 48 130 2 2 180 85 16 18 112 55 50 82 111 111 65 10 115 64 116 32 99 41 79 45 152 90 179 12 15 58 74 97
416.891915 meters