file bear-7.jpg
nails 200
imagesize 150
populationsize 100
elite 20
genomesize 3000
mutationcount 0.001000
mutation 0.010000
minchunk 0.200000
maxchunk 0.500000
iterations 10000
stableiterations 10
goodgenerations 100
burst 0.000100
threshold 0.030000
ring_diameter 220.000000
thread_diameter 0.040000
save_every -1
history_step 100
---
3000 0.040000 220.000000  13 167 60 32 122 1 110 110 159 45 112 116 48 112 152 81 7 64 188 188 11 100 26 178 172 162 4 94 157 183 12 158 117 26 112 116 83 45 133 18 115 30 84 66 11 70 72 86 174 115 70 124 182 29 32 109 35 28 18 91 173 188 124 34 95 29 173 64 115 188 89 18 83 185 70 89 151 3 122 77 140 88 17 134 44 11 51 143 144 122 62 66 126 113 71 75 65 127 68 173 40 162 124 89 81 169 86 119 177 97 145 94 161 121 112 67 177 119 42 178 188 73 70 100 76 120 134 15 1 86 194 58 112 20 111 116 48 76 20 63 10 30 82 187 170 61 61 57 162 137 198 89 48 166 158 96 174 61 39 62 113 186 11 14 62 198 198 131 100 165 49 113 124 62 174 116 87 77 56 170 198 198 138 194 89 16 168 172 131 70 119 125 168 187 34 126 88 70 16 88 184 48 127 135 48 181 178 181 162 138 132 41 148 190 175 131 122 113 150 92 24 62 175 40 172 64 166 198 73 6 154 63 62 185 136 188 128 173 131 186 34 80 7 124 1 124 169 177 108 36 126 5 143 89 129 88 39 154 113 138 136 163 54 166 27 24 23 142 184 153 100 124 38 69 131 89 197 138 177 39 32 10 66 64 11 189 135 174 134 136 178 165 10 68 138 182 77 48 29 26 78 11 60 125 131 88 166 127 100 129 48 48 86 64 39 131 43 128 117 134 87 89 19 91 7 162 123 64 14 52 187 190 56 56 166 155 40 13 160 13 170 62 171 175 61 125 11 19 173 17 110 184 136 70 30 74 135 187 143 143 88 115 20 138 54 54 173 44 112 37 114 167 175 134 25 135 131 169 51 134 16 67 127 165 53 137 50 187 157 13 22 29 120 88 88 128 36 33 125 128 164 162 167 197 61 195 109 162 169 37 21 20 172 169 181 135 78 12 11 13 184 138 187 19 37 188 76 1 144 89 58 190 149 190 173 139 87 35 94 1 132 87 137 77 77 1 58 165 13 159 102 34 100 71 4 112 60 181 172 135 186 12 189 172 177 138 87 122 36 178 12 116 160 12 188 88 125 6 97 8 72 66 80 51 73 125 9 10 83 166 167 89 23 113 11 102 135 182 14 99 32 28 113 119 113 136 72 133 89 12 171 188 80 196 88 112 144 3 89 81 80 182 26 119 1 1 152 2 63 11 184 81 129 10 67 190 54 139 20 114 148 189 11 163 175 38 164 117 198 87 48 143 142 121 168 63 171 32 21 64 57 142 88 169 163 13 13 44 189 94 146 96 28 182 10 81 11 13 165 1 89 62 69 153 1 81 163 8 75 81 12 158 186 81 112 184 144 73 178 170 39 198 198 141 187 55 174 66 178 181 137 94 178 189 80 86 49 97 97 60 187 183 51 157 113 29 104 178 12 115 190 62 62 11 13 159 12 166 166 114 153 68 11 14 166 10 151 151 39 112 29 102 181 172 179 73 37 129 122 123 1 66 66 38 14 163 80 60 120 1 164 69 106 193 68 162 163 164 198 85 88 29 20 188 162 25 183 21 157 43 76 66 87 139 88 2 1 1 143 58 58 198 149 195 64 74 181 121 175 185 88 132 131 138 132 175 172 198 164 51 116 21 181 178 172 187 81 13 176 70 13 10 99 144 110 152 190 99 27 176 111 164 115 163 167 134 39 38 125 166 167 125 179 11 156 11 129 113 187 71 178 133 176 99 34 124 167 162 169 178 172 41 129 172 169 137 138 167 87 87 25 42 131 51 184 43 135 88 143 26 185 166 13 173 132 176 112 133 190 57 172 54 188 26 62 60 122 163 60 126 128 11 15 54 160 100 189 73 3 34 148 99 37 87 112 24 77 77 138 112 81 77 181 162 138 48 48 140 190 77 58 180 70 39 63 121 184 71 132 46 46 112 137 131 89 5 154 154 25 38 173 10 162 169 13 75 161 81 21 89 30 168 170 64 175 60 166 58 21 34 89 62 36 89 18 175 185 153 40 177 37 30 92 22 16 100 13 162 130 48 180 22 28 22 116 178 169 31 123 102 44 44 81 132 194 64 126 87 39 106 162 52 163 138 103 12 11 71 21 19 88 136 114 162 130 173 39 73 184 20 156 42 29 181 30 87 133 165 38 69 149 149 113 29 12 14 47 89 173 194 69 68 126 166 80 14 162 20 175 67 199 38 187 94 94 10 176 12 176 137 23 134 131 168 13 161 19 147 144 91 13 77 187 72 131 48 113 88 89 135 176 131 44 113 155 76 178 181 139 197 83 192 62 37 11 174 138 162 94 77 10 48 85 27 165 17 112 125 169 33 1 178 124 30 60 118 113 65 121 32 161 66 26 189 11 169 138 45 127 77 30 120 32 168 175 132 162 37 128 92 188 99 29 119 64 128 48 17 38 85 58 121 33 170 60 173 153 153 167 36 1 1 150 106 144 116 158 88 141 184 82 87 130 44 25 89 122 114 189 60 26 70 78 53 136 125 34 112 84 48 115 100 137 79 10 22 160 13 159 60 88 81 100 100 48 187 53 188 175 184 79 6 153 109 109 21 190 127 60 192 106 31 174 39 76 29 124 167 30 178 65 172 90 163 75 78 190 167 135 163 198 174 34 168 26 109 137 166 184 198 69 71 181 73 123 34 170 21 96 149 66 121 56 190 156 41 177 12 82 33 108 162 126 163 113 162 138 175 13 34 162 131 13 102 60 124 64 63 58 12 19 25 187 167 165 138 179 187 122 114 46 134 168 114 131 125 3 72 81 143 143 59 144 186 73 112 80 8 38 32 170 89 27 188 65 177 20 136 168 12 11 132 134 169 132 180 138 114 48 183 79 125 64 10 11 130 80 152 39 42 135 87 128 10 135 190 97 175 66 112 77 108 193 127 38 34 173 12 170 55 140 70 115 183 119 162 169 22 167 62 12 161 48 141 1 17 89 136 22 94 188 62 77 188 111 185 117 144 5 5 51 51 186 136 82 127 170 57 58 126 165 119 163 31 171 91 154 29 47 181 14 100 28 34 198 152 115 189 71 10 163 169 10 75 11 14 42 124 89 82 17 138 100 181 67 102 102 158 190 121 44 138 136 133 88 21 169 30 150 73 2 69 12 14 92 92 60 134 69 165 190 69 69 176 138 162 189 185 181 178 60 12 173 30 63 198 198 139 177 1 26 118 125 37 98 98 163 24 162 161 123 40 131 190 73 95 158 51 113 76 190 116 64 25 149 115 147 62 116 111 39 105 10 114 48 198 198 64 82 21 171 137 192 128 62 32 173 190 165 122 73 79 134 128 117 121 1 74 3 67 173 13 114 135 47 21 117 63 35 173 28 101 181 37 180 44 34 10 154 190 146 93 138 53 118 69 31 81 194 164 74 94 94 173 62 65 14 85 51 51 120 88 40 108 153 178 184 12 133 187 11 73 31 77 165 169 25 100 127 163 114 188 97 30 116 14 189 63 130 49 21 141 56 88 137 119 199 176 37 94 146 186 94 39 79 81 28 22 115 165 186 127 64 34 16 77 162 118 124 39 37 190 66 137 178 175 187 190 160 45 124 38 34 166 132 192 122 128 131 88 82 192 76 136 77 150 103 161 83 120 27 175 39 124 58 118 63 147 177 12 34 52 119 128 120 160 160 34 110 60 24 172 178 188 72 113 189 181 171 58 172 19 113 88 61 186 137 131 188 22 106 38 123 62 127 37 80 36 127 40 154 183 110 149 79 199 90 20 99 39 153 155 48 164 135 132 179 186 62 176 67 113 77 28 165 86 168 20 189 57 168 101 126 39 0 120 173 8 125 87 22 80 138 65 39 34 179 198 21 12 174 64 138 123 88 23 185 37 28 89 132 170 63 173 23 37 124 164 29 60 123 30 180 122 56 163 128 172 130 7 154 94 144 179 67 32 180 120 100 9 52 115 122 88 28 156 113 74 20 89 89 64 129 69 78 10 126 168 138 170 138 19 135 21 86 137 47 184 53 26 110 73 181 118 52 168 132 60 145 60 197 88 85 196 165 103 103 136 136 108 20 20 173 39 62 77 198 67 131 94 6 169 178 23 98 65 111 37 122 198 135 138 88 167 27 100 100 48 94 172 164 168 119 187 164 168 184 17 114 156 1 68 179 187 29 163 112 88 31 88 112 86 40 133 174 136 100 31 82 198 156 12 138 135 100 191 163 183 20 94 94 156 184 135 173 65 65 84 32 100 133 88 85 11 11 188 150 197 162 128 119 87 136 172 178 63 58 162 49 85 86 166 189 181 142 88 138 29 116 164 30 62 85 54 54 80 13 68 34 71 153 125 46 48 189 138 164 26 183 103 190 172 184 77 8 156 12 162 66 6 77 33 190 60 60 198 162 133 70 130 122 35 1 157 43 193 29 30 165 135 116 184 111 171 138 192 58 122 168 178 113 6 70 183 187 132 128 14 161 112 11 189 64 171 39 81 166 178 70 64 192 105 120 161 13 181 58 173 36 38 152 10 20 88 118 65 67 24 106 106 19 21 22 89 171 13 86 100 42 187 181 112 75 0 38 10 97 137 16 172 196 139 74 190 117 141 4 89 143 101 180 24 89 37 101 10 153 82 166 37 33 173 112 118 38 129 16 60 80 190 128 167 138 174 172 11 181 49 49 115 39 37 39 100 33 189 162 116 188 127 115 124 80 10 22 63 13 170 85 77 87 140 139 180 112 63 175 188 93 85 21 1 168 85 195 108 64 176 39 10 89 175 112 186 53 12 100 100 73 10 112 164 23 163 108 138 185 89 141 138 131 133 14 86 138 52 16 72 84 29 198 88 1 162 190 134 73 132 110 43 120 64 38 11 14 164 83 190 87 125 134 88 48 26 173 37 39 67 129 105 38 88 144 58 179 99 58 142 1 176 72 189 116 31 22 70 198 118 54 186 138 112 119 88 138 116 163 50 158 12 162 70 141 185 137 131 62 196 133 38 61 123 88 71 112 131 10 156 117 70 23 65 122 174 130 43 189 86 135 87 81 72 60 191 106 33 122 128 124 4 126 104 130 170 58 58 58 125 164 13 1 136 128 163 166 112 132 128 39 130 88 114 177 63 128 119 158 13 37 171 182 49 136 87 166 38 98 29 166 28 119 119 122 128 107 107 193 149 104 30 187 89 26 166 89 81 69 179 189 181 78 88 52 170 164 58 100 179 138 75 38 174 13 76 182 159 100 148 119 54 164 13 157 157 12 29 100 38 80 44 159 26 88 112 174 20 62 81 189 144 197 71 179 11 48 48 182 170 51 136 42 176 61 66 176 198 37 16 39 113 70 68 176 4 4 166 172 14 125 190 137 112 25 30 94 3 38 172 169 39 163 188 137 34 151 104 13 169 61 124 134 26 18 38 177 68 119 137 54 55 176 38 144 11 189 184 188 14 26 81 45 179 175 169 87 137 49 163 162 190 144 187 80 39 125 162 46 180 91 87 124 190 84 13 168 178 134 87 60 146 98 178 101 101 101 48 188 138 78 72 163 48 132 134 103 103 130 46 161 21 134 114 119 166 192 107 13 189 23 94 128 112 119 53 185 112 113 47 48 48 162 50 88 141 140 112 119 138 131 64 16 87 131 122 136 162 120 58 7 86 20 104 15 89 128 137 76 126 82 185 19 189 29 38 113 17 187 39 164 118 87 32 83 79 165 168 126 78 189 56 81 193 138 135 18 112 119 188 181 175 94 60 193 38 31 85 24 113 116 19 28 30 72 78 78 7 39 31 144 26 58 176 136 73 63 64 190 38 89 11 173 10 179 116 197 52 164 81 190 44 82 125 40 195 89 144 183 137 62 194 147 186 124 63 176 178 131 116 88 87 132 128 42 88 15 113 21 61 15 14 79 129 88 140 1 30 39 178 68 77 166 23 47 162 187 56 180 73 18 19 108 26 12 85 15 77 37 102 151 151 64 100 144 144 10 28 112 87 10 155 186 11 82 10 175 169 116 126 62 35 173 163 1 1 172 69 180 140 56 26 190 141 87 73 112 134 48 133 172 168 10 93 1 118 191 192 162 13 18 138 190 20 60 113 172 60 169 14 13 10 72 20 100 10 177 13 53 144 81 118 74 27 118 123 162 127 169 63 190 39 61 39 83 11 178 183 138 181 44 45 112 125 5 73 30 100 177 29 168 25 118 73 20 140 87 87 86 190 169 12 127 35 19 144 119 122 34 138 115 10 69 1 1 137 96 10 170 186 21 93 186 144 188 17 63 174 98 156 48 26 85 20 157 11 12 128 122 163 167 55 120 81 2 183 75 134 133 13 172 137 88 83 29 85 79 182 75 70 179 111 1 70 120 67 134 165 62 78 81 34 90 17 60 165 116 122 164 138 90 1 75 23 86 16 74 10 88 134 24 94 26 96 187 12 163 169 165 169 196 162 13 158 112 1 169 175 13 88 117 142 89 142 102 168 162 169 194 70 10 137 189 181 12 83 167 57 193 137 24 189 183 30 27 119 34 107 151 151 110 135 112 168 23 56 55 138 131 14 12 16 94 152 109 173 113 168 58 189 181 139 192 75 81 81 153 38 112 53 166 31 94 21 68 22 172 167 13 158 104 31 124 88 58 163 124 194 107 20 81 137 51 12 65 114 144 75 80 26 161 105 105 147 30 162 112 77 39 109 196 70 78 164 85 18 88 115 157 18 109 34 190 179 122 57 191 54 185 126 147 147 85 136 187 181 36 172 179 156 156 163 169 57 141 76 186 185 12 48 178 45 79 94 94 93 26 86 2 92 0
419.599531 meters