file bear-8.jpg
nails 200
imagesize 150
populationsize 100
elite 20
genomesize 3000
mutationcount 0.001000
mutation 0.010000
minchunk 0.200000
maxchunk 0.500000
iterations 10000
stableiterations 10
goodgenerations 100
burst 0.000100
threshold 0.030000
ring_diameter 220.000000
thread_diameter 0.040000
save_every -1
history_step 100
---
3000 0.040000 220.000000  138 165 172 192 177 20 154 95 91 143 152 76 117 129 68 87 81 183 10 74 101 156 2 13 97 66 4 79 122 58 59 126 62 12 185 7 28 47 6 42 122 17 61 6 22 132 94 27 143 145 127 84 70 113 28 161 37 77 184 34 57 193 191 103 2 80 84 135 110 171 25 30 72 82 145 178 154 92 11 44 64 36 118 32 39 159 145 8 165 3 178 170 70 171 178 74 91 95 79 193 13 22 137 23 181 150 73 38 22 157 138 157 138 11 157 92 61 120 58 70 37 199 117 114 27 89 128 123 75 151 145 139 131 106 26 65 31 151 83 193 87 195 108 99 50 41 175 24 109 70 70 138 63 28 50 187 95 2 171 159 99 93 163 42 188 13 7 0 8 143 173 110 136 62 172 114 92 50 48 172 184 5 131 198 91 11 168 175 124 66 101 124 164 191 33 126 97 65 16 84 189 50 128 148 44 189 183 191 174 145 141 38 146 193 165 128 122 114 152 141 72 124 84 23 170 150 139 67 34 115 30 104 102 15 43 144 18 75 32 149 176 39 34 73 51 4 28 88 148 162 38 135 9 136 80 7 0 169 115 13 12 73 111 56 84 113 109 172 106 171 80 193 189 101 101 16 50 41 32 95 49 154 128 34 40 161 180 156 183 38 122 160 39 174 148 84 143 26 187 18 124 19 106 58 57 90 2 129 72 50 166 187 82 192 142 92 158 113 177 37 194 119 33 74 78 109 99 59 121 37 156 17 65 29 113 26 67 141 39 94 150 106 18 99 34 176 32 175 165 101 191 119 15 9 192 78 68 25 86 1 132 9 139 123 82 148 166 192 23 87 134 78 86 197 38 9 184 50 55 171 103 93 160 106 167 148 101 18 19 4 60 1 44 185 88 8 139 135 63 15 27 176 156 84 85 46 22 110 126 79 146 155 173 189 9 11 18 175 112 10 90 195 110 7 86 155 34 129 125 193 108 111 135 77 2 35 120 37 5 0 193 42 149 165 197 59 13 90 110 93 114 136 159 9 185 186 27 103 16 154 145 152 128 157 44 182 56 193 189 181 114 110 150 46 61 167 127 5 88 47 193 62 139 173 155 147 91 2 177 172 108 138 159 131 181 153 111 32 55 113 27 5 195 167 100 60 8 110 40 175 194 121 128 140 43 164 184 74 110 190 94 77 0 48 24 106 191 9 5 178 61 193 13 103 80 105 173 159 90 61 114 133 143 170 101 136 78 68 131 114 31 116 87 78 184 13 147 173 143 79 191 82 78 72 146 44 142 42 153 189 182 11 5 44 138 7 184 5 34 38 175 108 145 161 123 61 61 119 128 95 178 76 146 197 32 110 67 27 71 174 144 69 91 188 9 167 31 42 75 0 89 84 9 26 191 169 77 178 64 23 102 191 105 25 112 145 170 103 100 168 76 106 128 33 44 25 60 185 49 163 181 152 96 7 135 119 57 98 96 28 68 30 94 162 96 130 199 59 9 5 169 140 87 51 188 161 149 199 86 195 155 14 197 121 180 7 12 173 150 32 182 8 159 38 173 50 0 193 100 76 142 154 163 67 87 55 172 183 35 153 18 106 48 157 171 58 114 99 16 172 32 127 59 124 62 7 51 51 96 11 19 98 11 88 32 76 17 94 53 72 78 79 185 19 100 147 15 74 125 143 102 19 3 135 99 162 6 23 106 40 80 73 128 5 96 193 169 186 76 149 101 25 145 177 163 97 92 47 79 40 185 76 148 72 78 8 131 11 19 133 114 178 38 74 100 161 140 96 15 97 105 107 23 41 45 48 162 47 13 146 126 173 143 72 172 142 114 123 58 94 89 114 11 18 102 89 11 61 175 168 125 106 106 146 139 11 180 152 18 105 109 191 0 188 104 65 175 178 157 178 44 193 169 190 198 40 12 149 79 3 14 93 11 63 66 104 131 125 19 28 24 104 23 157 86 192 58 56 173 84 47 160 16 184 45 183 7 98 165 72 173 148 30 110 22 45 157 87 7 83 187 152 42 162 90 3 93 0 44 44 85 114 13 193 21 130 115 11 18 104 129 84 187 162 163 96 150 178 90 16 16 91 45 85 69 33 156 90 92 13 9 87 154 101 24 33 120 96 128 174 90 56 56 74 70 72 11 16 61 20 18 183 172 20 78 146 169 131 7 189 110 128 103 124 169 72 47 155 128 56 102 0 21 154 34 155 96 12 93 84 157 70 177 38 177 76 145 38 104 101 153 15 38 98 161 169 12 148 128 140 163 138 154 79 9 89 115 28 47 185 59 106 80 145 198 16 98 157 96 106 37 160 23 159 101 185 159 180 6 178 89 4 13 99 8 61 41 40 20 20 108 76 104 124 143 139 131 106 20 129 177 156 4 49 192 4 185 81 190 50 86 196 2 104 189 184 27 41 164 25 158 168 193 4 133 10 49 165 52 49 88 10 93 104 135 74 107 47 44 44 130 166 76 11 183 47 74 165 175 51 132 72 57 170 105 119 186 182 163 40 42 47 182 191 14 103 66 61 129 197 91 161 41 141 171 142 94 6 133 157 55 158 84 80 173 152 47 171 36 76 127 143 109 125 180 175 158 18 50 197 12 19 25 143 71 123 190 107 78 153 93 58 60 129 3 126 145 15 64 79 153 77 151 174 50 162 178 7 160 46 128 122 140 147 75 79 189 57 139 167 103 169 172 141 169 28 20 51 190 166 96 56 188 32 28 23 66 108 92 119 35 135 61 5 187 120 193 170 124 38 120 60 56 190 106 21 25 104 16 121 92 7 17 143 146 15 79 124 41 48 87 139 165 178 198 122 88 158 87 177 172 178 148 29 143 163 57 101 161 49 47 3 38 172 131 122 40 71 172 189 111 86 106 5 124 70 95 50 34 151 90 49 157 140 23 198 192 38 41 46 22 18 61 37 145 90 187 2 94 11 7 49 87 146 176 197 52 164 188 187 51 90 74 133 61 5 95 16 199 88 194 173 28 190 90 4 30 145 173 23 154 18 129 76 42 21 97 6 106 75 118 31 14 99 54 133 3 4 159 131 110 175 146 178 112 195 191 100 78 150 169 143 67 28 116 99 168 77 41 70 32 129 94 54 134 154 32 28 110 56 94 4 82 128 68 24 111 30 108 22 18 166 108 38 137 8 40 188 39 164 138 77 38 34 31 22 28 94 65 21 104 110 31 44 129 45 198 49 0 133 160 40 127 74 131 128 69 38 62 132 11 100 131 76 43 47 189 182 46 154 178 196 128 60 169 154 78 145 74 164 94 191 112 57 115 175 179 77 148 94 163 103 193 19 80 152 20 169 7 0 46 157 0 90 196 44 166 40 147 39 118 14 44 151 92 98 23 182 153 160 185 188 12 87 101 53 52 193 0 90 161 191 58 110 27 147 74 33 153 17 30 153 199 19 35 154 6 135 71 134 10 140 147 167 57 57 99 178 0 16 123 84 83 156 8 61 117 66 72 32 133 89 47 16 141 80 58 193 0 7 172 0 74 172 178 153 179 148 74 111 118 125 5 175 144 166 110 23 4 95 14 0 51 13 61 126 42 163 138 68 121 35 72 128 62 135 34 199 100 35 186 83 194 89 121 189 191 195 191 188 85 110 163 188 81 187 132 2 128 87 194 15 191 2 58 82 184 11 193 0 76 140 147 110 26 104 108 135 40 136 67 69 141 12 161 49 193 95 3 124 139 24 19 107 29 35 70 100 22 28 114 32 10 89 197 170 0 7 108 173 49 72 79 51 191 35 71 149 142 11 15 156 99 72 78 76 177 28 91 160 154 46 168 132 75 56 105 111 58 23 161 136 72 178 74 108 98 162 169 78 72 9 45 146 101 19 99 21 105 168 61 132 5 138 164 27 38 36 158 178 172 148 71 136 108 165 69 4 179 10 98 154 19 196 87 191 84 57 189 42 10 178 178 164 58 73 170 185 199 51 10 70 162 92 131 80 194 189 85 158 102 26 145 143 85 46 87 47 156 81 132 0 87 100 104 45 167 58 196 36 182 162 139 155 181 178 190 57 192 172 191 171 79 5 27 174 107 84 155 5 185 191 165 116 92 50 119 168 110 104 86 159 181 176 75 3 35 175 23 100 34 10 186 11 18 103 90 127 145 94 31 93 9 195 19 97 57 116 80 175 58 172 194 110 99 191 186 51 16 74 34 169 53 19 66 190 178 148 128 139 161 114 119 136 131 114 113 173 39 61 24 142 85 140 157 183 27 107 80 186 13 198 128 139 131 20 97 149 72 30 178 171 132 3 0 187 105 23 15 191 39 125 148 87 131 38 126 139 167 191 49 172 8 97 104 187 6 58 161 179 148 160 51 89 84 152 145 27 28 149 110 176 194 104 96 58 122 122 37 80 109 25 103 58 62 16 9 12 135 159 50 27 61 99 144 150 180 152 79 151 41 7 99 137 153 121 62 58 90 7 45 86 47 88 193 167 101 21 160 42 83 25 108 133 72 110 132 141 162 56 189 195 5 14 98 192 83 131 23 50 94 156 19 28 165 182 48 163 38 70 130 164 61 136 93 178 160 139 132 111 9 62 73 32 156 184 106 187 197 99 20 157 94 97 185 75 179 150 43 142 95 9 199 92 16 153 82 195 170 141 63 197 157 37 136 42 177 151 87 159 24 50 31 28 143 155 36 43 80 128 134 61 106 103 166 0 180 167 20 161 169 18 65 67 69 80 155 99 96 34 74 128 136 89 3 195 0 131 115 108 55 139 26 70 176 37 0 7 13 93 146 111 25 22 185 195 7 142 73 122 133 93 164 180 155 138 71 168 142 28 124 145 28 196 120 16 64 99 149 172 178 32 2 48 69 155 100 16 81 146 178 113 118 60 199 90 148 175 34 120 90 61 4 183 155 10 141 44 19 65 27 52 0 189 183 79 39 34 118 40 190 47 45 88 136 81 135 103 104 148 170 28 15 91 35 128 7 4 134 2 49 38 157 114 144 96 77 99 77 191 81 154 172 29 150 157 34 138 23 177 6 51 48 90 176 0 128 122 61 124 82 44 3 81 174 60 38 38 32 12 185 51 2 12 113 192 117 78 69 133 145 84 188 82 84 192 97 166 29 110 107 129 92 96 104 3 48 108 41 134 0 124 136 20 107 55 99 193 191 177 61 101 109 23 80 142 164 108 26 169 110 177 82 78 74 140 63 61 61 10 181 175 169 183 9 179 126 96 165 106 27 0 11 19 104 192 68 22 131 155 44 139 133 80 172 197 125 99 56 60 129 157 131 121 40 141 171 70 146 20 102 170 154 110 196 124 114 194 160 22 103 73 94 16 146 178 8 180 193 106 194 1 136 94 0 5 9 39 36 79 14 94 189 11 5 165 95 91 56 191 114 12 49 183 44 8 51 31 152 34 9 58 89 91 49 51 91 96 192 100 189 108 88 160 49 116 32 185 158 35 8 189 182 154 180 44 166 20 108 113 153 179 28 19 142 8 47 0 101 128 18 92 92 138 162 153 139 148 61 128 94 119 127 1 87 81 92 32 58 56 76 153 37 142 67 122 35 63 12 34 72 4 135 20 143 70 104 190 11 15 183 29 109 145 79 169 44 125 193 69 28 111 29 70 136 161 103 157 148 41 64 42 24 69 146 168 194 58 104 96 160 138 40 0 92 188 37 31 124 58 95 10 58 74 12 183 189 183 185 129 153 131 88 114 118 62 140 139 145 68 23 156 44 86 81 78 72 112 132 121 15 51 118 133 148 95 188 82 156 9 90 155 43 125 128 151 32 177 172 196 122 96 50 191 44 40 2 180 149 114 72 78 79 132 147 80 73 130 197 92 49 162 169 171 48 186 42 185 25 138 8 133 156 20 186 38 123 75 174 199 28 19 183 73 148 144 28 72 69 157 6 108 28 71 87 87 15 92 149 84 124 199 175 153 22 47 161 104 103 190 44 40 165 199 58 60 6 2 92 1 103 132 185 79 135 157 167 76 141 169 32 46 90 12 99 9 61 131 2 66 128 3 26 107 108 35 198 51 29 162 36 42 2 189 192 46 181 152 42 63 173 179 55 125 1 131 125 147 84 193 3 172 143 128 117 31 73 163 50 188 29 61 7 58 107 28 181 151 82 83 136 95 66 100 136 63 133 94 11 43 129 36 119 34 78 17 154 88 94 74 76 78 6 13 190 93 99 129 198 50 45 50 46 44 187 80 83 12 94 101 20 63 50 185 43 183 8 111 107 6 89 92 10 91 185 161 150 80 28 112 66 94 47 170 79 86 198 87 150 114 29 34 136 7 179 37 38 32 3 131 95 78 169 72 78 129 80 172 169 0 60 71 146 84 110 79 133 101 190 99 189 27 140 40 178 9 16 167 143 69 139 132 70 167 139 128 32 108 109 110 9 163 146 176 72 67 21 138 163 23 0 4 78 40 150 132 67 67 57 197 128 139 132 80 186 7 69 27 70 47 197 42 37 178 111 105 106 84 48 160 156 198 28 54 110 56 114 129 106 68 103 133 178 8 112 84 68 123 37 185 1 133 40 44 152 41 34 50 43 198 174 73 176 109 55 106 157 184 15 95 12 12 92 178 147 38 128 42 80 99 148 0 7 192 109 104 172 199 20 28 49 158 181 5 85 83 188 112 29 35 134 131 122 125 39 45 28 163 2 173 0 147 70 128 121 138 165 11 19 158 26 52 96 13 143 139 131 94 13 187 47 50 59 3 192 37 76 18 59 165 30 90 78 91 30 183 197 85 150 76 183 22 25 141 150 74 151 116 132
405.276045 meters