file bear-9.jpg
nails 200
imagesize 150
populationsize 100
elite 20
genomesize 3000
mutationcount 0.001000
mutation 0.010000
minchunk 0.200000
maxchunk 0.500000
iterations 10000
stableiterations 10
goodgenerations 100
burst 0.000100
threshold 0.030000
ring_diameter 220.000000
thread_diameter 0.040000
save_every -1
history_step 100
---
3000 0.040000 220.000000  1 1 97 8 1 80 161 134 78 141 142 144 149 94 27 165 18 63 146 77 118 54 192 89 58 171 85 49 18 32 114 13 17 17 85 193 137 131 12 80 160 28 50 50 49 75 94 96 3 48 9 94 90 187 72 190 135 19 49 196 144 145 158 192 91 187 111 7 94 6 44 137 56 155 157 27 156 156 130 1 3 26 93 58 93 194 22 28 36 57 119 128 172 75 84 139 85 54 164 27 23 155 182 161 21 112 71 66 42 130 188 161 155 114 192 96 190 90 195 37 173 104 106 189 195 8 13 18 121 48 165 88 0 195 198 105 114 51 55 138 115 74 6 8 104 141 142 64 179 149 66 69 69 50 50 60 142 61 3 88 188 34 31 20 142 106 0 122 117 196 42 149 26 10 49 57 138 85 76 132 170 96 90 155 155 141 149 64 66 83 176 132 43 14 58 82 84 89 20 160 88 5 90 171 30 113 43 130 63 183 194 100 8 96 14 15 118 119 146 60 119 35 77 136 141 143 24 30 30 24 161 155 25 90 51 12 11 103 93 146 20 80 142 19 21 103 69 180 176 174 158 117 97 173 62 141 116 44 104 100 154 26 14 113 31 170 81 79 176 82 185 112 30 159 10 10 15 155 65 58 43 129 130 17 93 147 21 132 18 21 137 62 84 76 134 4 104 0 130 75 60 118 21 168 53 115 115 104 19 140 59 118 122 135 21 146 151 8 95 97 4 85 66 152 45 195 157 70 180 23 141 145 83 179 115 29 169 52 51 25 139 24 182 198 107 117 54 111 184 170 167 70 177 57 180 26 26 27 1 85 20 153 82 21 86 150 62 44 44 8 90 90 194 85 198 197 120 18 7 93 59 119 101 93 168 167 69 157 101 38 71 172 196 98 104 10 42 71 115 2 1 87 158 67 153 176 97 97 76 126 61 82 111 196 72 154 4 89 186 65 68 83 166 198 128 15 121 123 163 163 195 88 89 199 139 49 166 89 82 192 108 29 175 21 113 195 176 178 88 21 198 87 19 70 65 141 86 193 41 111 10 8 149 3 85 139 20 21 90 193 87 62 26 155 70 193 194 88 18 21 22 27 95 4 114 74 104 127 155 166 187 74 195 95 8 29 161 48 29 164 185 106 114 177 178 181 182 111 30 158 182 99 154 85 196 113 34 50 117 192 98 3 147 85 193 0 144 1 35 180 179 116 133 20 1 81 91 195 71 31 114 125 34 114 114 79 104 161 79 13 27 97 99 39 101 4 137 134 39 123 13 133 76 125 58 165 141 141 141 145 155 161 106 71 182 192 194 74 173 29 163 165 53 14 77 123 18 17 20 83 165 56 114 198 115 114 98 17 0 177 161 158 27 168 24 155 14 111 13 84 134 19 81 199 86 0 83 134 105 18 22 198 63 0 9 158 101 10 81 175 175 94 10 100 20 173 76 178 190 170 51 35 192 164 103 104 105 30 176 141 139 192 137 135 85 90 61 150 176 58 199 134 45 50 163 130 76 85 61 171 125 0 2 148 86 146 22 135 22 29 102 1 88 193 194 104 38 96 141 141 6 85 75 58 119 147 25 17 55 174 143 141 110 195 83 131 20 171 65 66 155 87 90 196 96 182 119 119 20 143 194 155 119 118 58 61 64 187 189 107 109 110 176 0 139 79 182 23 139 37 126 74 123 117 52 170 168 166 165 119 197 121 68 110 70 44 9 102 0 196 87 21 17 52 0 6 110 127 81 177 17 15 41 99 148 20 115 50 45 41 124 0 141 39 181 68 189 85 137 80 141 85 195 86 196 44 190 189 34 124 195 194 72 117 181 142 1 37 32 179 75 128 77 182 21 155 51 166 21 139 136 63 175 64 152 20 123 2 82 149 86 91 193 189 36 35 129 139 178 63 176 188 188 44 196 114 195 87 0 24 149 110 13 24 176 25 171 194 73 195 142 161 165 168 192 88 186 108 53 199 86 81 79 113 114 93 198 82 184 182 178 175 57 59 134 38 174 174 84 163 83 186 27 162 84 197 87 164 168 176 94 38 66 17 101 198 80 183 171 198 126 0 1 115 44 10 160 29 186 171 168 58 17 82 59 84 190 162 87 5 5 89 95 126 107 168 49 117 130 38 121 1 83 9 92 60 61 149 2 65 86 177 93 35 97 142 11 5 195 84 81 41 35 31 173 85 89 187 44 78 145 77 133 37 35 121 6 136 84 56 166 136 46 87 188 96 102 76 100 35 11 99 100 198 103 18 18 51 51 30 174 27 96 191 14 16 90 177 192 81 163 106 192 45 134 36 133 60 194 110 142 194 63 131 71 168 21 117 118 46 46 30 184 126 49 140 166 54 127 113 27 161 165 85 186 87 3 60 167 29 30 198 52 171 73 158 93 66 58 135 108 13 161 169 80 132 53 127 79 81 99 18 106 44 44 112 31 104 3 85 21 25 178 172 149 12 110 106 145 155 44 18 30 43 194 40 17 86 182 87 82 175 182 88 174 106 106 106 30 30 28 153 119 14 156 7 123 106 74 133 53 27 6 88 2 8 109 45 119 137 66 97 17 129 125 60 39 190 109 17 121 98 53 47 6 24 158 162 47 142 66 171 182 118 180 172 51 126 8 88 177 34 192 87 81 144 51 127 42 42 19 26 153 98 6 76 127 80 164 165 144 114 48 163 22 17 84 81 88 81 20 194 87 83 3 128 157 8 6 91 69 156 155 98 124 39 143 134 110 111 30 177 177 114 84 2 114 119 93 92 196 196 0 4 102 184 26 176 76 79 168 158 23 137 0 110 44 30 24 151 177 115 122 149 35 35 36 130 129 72 177 101 79 145 20 82 180 176 55 55 6 117 45 26 24 179 177 25 30 38 139 137 19 145 6 139 78 54 50 170 134 114 115 196 91 168 56 94 139 63 96 70 154 64 138 137 115 107 98 58 94 39 192 49 109 111 56 139 137 137 131 188 30 94 71 41 75 81 91 190 93 92 3 114 80 166 166 86 162 194 86 165 81 179 177 176 176 90 87 189 196 89 30 114 149 15 110 53 128 119 117 56 178 57 92 186 30 114 33 124 74 128 122 127 43 109 180 74 125 199 118 197 58 117 17 128 106 29 110 4 149 83 17 6 89 82 132 3 2 87 199 137 148 131 52 43 32 186 182 182 181 79 100 7 103 103 182 159 155 64 30 158 119 46 46 149 148 118 196 79 160 26 172 169 71 86 20 33 123 160 73 72 77 143 185 85 79 111 8 6 120 22 165 33 120 58 30 166 80 165 188 68 57 117 18 80 79 143 161 190 15 114 99 27 3 66 90 198 125 130 139 137 106 4 64 139 4 87 165 68 68 155 117 55 170 76 128 122 121 188 33 183 27 177 182 27 184 83 72 36 117 115 31 89 81 161 169 72 168 44 133 130 130 106 190 94 66 157 78 75 71 149 22 20 151 47 55 139 141 158 22 136 85 5 9 76 138 21 140 145 146 146 53 74 107 187 30 110 42 8 103 17 142 176 27 167 142 58 79 81 76 198 197 74 181 104 99 157 103 51 171 123 156 56 88 20 140 85 183 181 58 53 11 119 118 45 27 150 128 0 85 184 158 20 156 112 12 11 11 12 94 194 182 182 35 188 94 4 91 53 120 21 28 159 160 160 150 79 115 189 95 62 69 71 194 190 171 53 166 179 65 132 78 73 190 35 193 87 88 90 105 144 22 30 189 33 68 190 194 70 148 141 81 110 41 144 20 91 194 89 89 12 162 52 130 80 0 111 19 131 76 135 44 27 155 131 131 65 158 104 118 162 80 197 95 94 64 178 172 67 53 44 44 192 86 44 153 43 50 57 127 7 8 92 148 60 166 159 158 175 172 30 18 40 30 7 0 196 89 195 80 7 3 84 133 98 149 20 79 190 85 178 175 106 194 101 42 158 44 146 26 182 177 168 139 127 18 129 137 137 114 44 156 78 129 76 190 191 84 165 106 40 142 142 85 47 87 49 161 79 142 0 89 85 179 175 70 32 91 88 191 0 134 42 40 125 117 46 114 43 154 175 110 31 117 74 78 89 110 10 142 182 76 199 80 158 23 166 168 186 185 69 155 63 94 2 134 77 161 159 155 19 118 130 170 178 82 181 172 32 167 80 140 81 38 98 97 40 145 58 118 135 20 87 6 108 107 105 175 36 190 21 134 18 27 159 190 112 18 133 21 35 44 156 63 63 2 92 51 198 110 147 79 74 73 196 101 8 8 54 170 26 148 149 41 142 140 23 168 163 87 18 69 85 195 188 32 27 154 49 69 79 152 11 104 47 158 70 123 18 84 183 83 190 178 39 61 67 157 161 28 26 159 161 168 196 112 114 114 115 46 45 43 6 35 28 158 72 195 123 17 4 105 49 0 81 150 141 58 137 57 85 143 84 170 159 155 141 111 17 51 44 39 37 99 197 126 142 165 32 119 150 98 62 30 27 185 66 66 65 90 182 152 42 139 134 9 3 62 153 78 155 6 185 127 123 114 140 0 90 3 65 67 185 35 34 187 43 139 57 17 164 52 165 168 168 165 26 181 87 10 10 30 187 187 31 166 164 30 74 129 98 176 171 158 159 46 17 80 112 8 26 156 29 171 84 137 22 0 114 161 51 122 69 72 75 133 149 155 159 79 137 83 67 57 55 116 53 85 78 127 1 96 123 123 119 118 116 49 1 82 59 199 79 85 153 9 99 8 11 17 110 8 26 170 27 27 153 149 149 169 175 73 115 49 110 18 104 58 62 149 21 150 67 155 146 40 102 79 130 35 95 66 98 36 135 79 19 44 46 107 96 26 183 192 138 79 105 132 83 187 106 78 74 186 84 152 90 2 89 193 193 84 196 190 33 14 114 107 103 79 131 36 157 30 170 139 83 2 20 81 65 18 125 17 44 74 196 196 88 168 55 50 53 122 119 48 87 50 45 132 127 128 18 25 144 59 91 88 170 155 155 193 0 197 53 73 124 126 18 85 59 120 4 86 198 6 123 129 80 85 146 61 10 158 198 117 16 85 163 86 83 185 79 79 162 23 142 21 17 38 196 26 178 27 104 32 61 148 25 69 158 66 156 192 87 67 141 1 88 166 87 17 94 87 170 21 162 83 57 158 6 90 185 169 28 25 160 46 152 8 28 154 109 81 166 85 51 165 190 191 193 42 37 119 130 66 190 40 6 149 7 4 129 53 32 112 10 89 190 107 108 46 71 84 192 191 72 114 114 98 16 118 5 4 89 82 164 49 106 39 8 129 171 173 61 58 166 48 51 1 89 19 141 141 24 173 66 172 85 145 41 39 122 33 31 109 41 194 108 0 91 69 68 149 117 84 65 144 39 31 106 74 37 103 41 135 83 192 73 174 189 32 171 86 197 20 80 84 68 79 155 140 149 27 22 20 134 58 62 142 6 97 9 171 88 53 47 38 102 37 175 91 6 28 109 30 0 99 99 195 190 152 26 147 83 170 170 85 67 85 192 42 194 169 26 99 155 97 98 12 106 76 137 18 100 30 104 159 45 115 30 26 144 66 141 117 142 50 161 20 96 189 38 140 63 35 117 76 88 197 1 93 16 34 17 35 34 190 97 95 80 168 173 53 12 85 164 182 64 131 44 3 91 55 59 80 144 21 17 120 185 188 51 4 99 171 72 86 1 125 131 134 104 172 170 170 167 20 17 17 17 61 66 182 85 2 176 81 137 54 15 158 158 45 177 94 5 115 117 14 5 92 166 79 125 118 119 49 143 127 127 99 151 61 127 197 197 97 97 151 127 163 79 165 89 96 99 190 165 29 27 27 181 30 6 90 60 168 177 97 98 9 141 20 84 6 147 4 103 105 105 180 106 11 49 141 145 25 149 23 85 188 186 181 25 157 29 35 189 92 18 4 2 95 94 196 100 197 161 195 0 84 66 44 42 27 199 85 191 83 57 141 119 115 192 157 79 126 16 53 83 19 136 80 35 28 155 124 151 96 81 11 82 85 63 182 2 133 46 158 68 68 90 178 172 171 165 49 49 46 161 66 43 151 26 168 81 174 104 101 66 177 113 125 132 141 114 117 179 27 160 21 93 2 99 35 192 110 107 96 169 51 104 160 78 74 35 3 191 159 21 16 47 117 134 75 180 96 97 97 79 192 194 96 197 0 5 109 12 127 158 49 14 122 74 76 96 177 56 112 96 55 51 109 9 104 190 168 135 75 74 189 170 86 2 96 152 27 180 117 118 118 3 94 169 57 58 180 87 190 80 102 32 35 172 83 13 97 44 44 138 56 199 98 109 11 113 190 86 51 120 120 35 158 134 21 141 143 163 53 198 198 94 116 48 123 35 6 3 97 152 145 136 56 18 114 118 195 0 8 130 110 196 161 105 123 124 141 145 21 122 66 120 184 158 161 101 197 0 79 1 4 0 198 99 3 196 87 84 141 142 161 30 168 151 110 76 127 59 137 43 58 86 142 142 77 154 67 94 197 85 149 150 20 81 130 20 155 176 28 40 123 126 80 149 165 166 26 49 118 122 54 72 76 44 154 69 165 168 172 53 170 59 198 198 55 177 184 79 6 93 170 66 160 129 51 51 117 139 22 44 115 8 6 112 119 18 90 17 126 77 147 170 142 49 176 191 195 196 197 76 109 74 50 50 128 19 138 6 115 119 149 149 60 13 112 119 119 194 37 130 133 124 12 48 153 19 97 96 96 142 57 106 41 195 27 27 151 66 90 26 147 130 128 35 176 62 37 97 168 51 85 196 84 81 167 49 17
415.050283 meters