file bear-9.jpg
nails 200
imagesize 200
populationsize 100
elite 20
genomesize 2000
mutationcount 0.001000
mutation 0.010000
minchunk 0.200000
maxchunk 0.500000
iterations 10000
stableiterations 10
goodgenerations 100
burst 0.000100
threshold 0.030000
ring_diameter 220.000000
thread_diameter 0.050000
save_every -1
history_step 100
---
2000 0.050000 220.000000  17 104 11 113 115 134 136 133 75 100 96 194 180 87 19 22 147 85 94 3 84 76 124 37 45 61 84 163 168 61 13 89 112 115 46 41 100 76 126 185 30 20 87 197 172 89 70 193 89 82 130 36 188 72 172 92 18 121 110 29 109 192 88 20 26 26 182 64 110 17 121 197 193 92 54 50 41 190 134 18 26 147 147 147 161 49 166 88 167 80 79 99 17 85 88 91 196 45 103 102 0 89 186 190 94 94 27 20 143 2 86 150 166 87 0 80 104 38 33 106 48 53 173 89 89 47 105 10 52 54 56 83 163 185 91 1 82 58 30 108 10 116 52 35 174 26 152 47 64 155 126 21 161 105 130 75 33 93 91 197 197 74 67 156 66 88 3 93 178 29 30 28 27 0 88 63 63 2 94 148 41 192 36 125 7 89 194 189 164 80 83 80 137 84 183 189 194 24 144 40 134 147 129 43 83 79 165 165 82 181 179 56 198 86 171 126 34 3 100 27 153 146 144 1 81 82 132 75 197 120 58 59 141 139 125 33 113 13 125 134 134 38 33 29 168 177 177 110 47 44 134 79 80 81 0 4 104 44 108 74 86 199 87 177 172 33 124 195 84 179 104 105 175 182 41 145 20 119 89 196 195 86 69 69 108 141 181 84 186 83 162 189 85 63 141 6 0 82 74 196 111 119 125 49 197 168 70 147 141 79 126 18 107 82 19 89 189 69 73 195 110 182 106 39 127 75 80 93 94 11 114 115 141 77 70 66 179 82 148 86 185 69 124 131 41 26 94 194 182 167 50 196 194 45 18 20 17 11 103 9 6 87 14 112 70 161 166 71 73 89 1 148 14 117 17 58 136 79 101 198 80 87 5 54 84 134 124 58 142 86 179 30 25 143 10 123 70 34 187 86 163 27 181 111 118 14 52 52 124 40 70 75 128 16 99 100 100 147 88 196 118 58 73 124 10 39 102 17 83 2 104 104 89 195 177 73 104 14 41 86 184 84 83 80 192 79 161 84 52 198 89 192 87 148 26 184 87 2 147 8 20 23 150 157 56 12 110 111 124 61 2 2 88 189 106 186 185 37 18 83 16 122 39 56 57 178 114 33 122 189 167 20 83 185 111 17 23 58 172 193 87 165 22 139 95 8 45 116 28 154 147 41 109 40 101 4 119 120 120 53 197 101 75 179 79 184 29 161 47 155 44 154 146 79 194 194 110 134 21 145 24 199 80 108 41 101 10 121 6 100 30 19 80 159 179 184 27 25 20 141 141 138 47 85 149 66 8 98 34 190 91 47 44 16 100 133 21 172 66 61 30 69 187 121 47 107 179 24 87 88 186 189 52 58 179 32 95 59 54 20 81 98 76 129 35 55 171 163 13 197 166 80 170 87 195 83 188 85 85 85 0 0 63 182 87 185 105 18 128 61 47 147 147 20 104 110 126 198 128 8 171 148 61 169 134 189 75 125 61 193 83 182 171 66 151 87 174 133 127 12 106 70 155 84 196 22 134 10 95 61 138 4 0 0 84 2 3 179 67 155 156 14 111 70 85 80 77 11 160 81 190 69 18 85 50 45 5 108 193 41 66 71 113 114 30 86 143 77 65 17 87 140 19 127 81 30 102 102 11 10 110 113 134 81 129 131 82 183 27 8 7 156 24 24 3 50 119 59 177 89 2 100 106 31 60 181 31 173 189 193 58 89 3 147 124 124 125 130 139 19 86 197 99 92 62 17 98 7 124 12 187 30 107 166 52 55 91 195 194 141 76 61 17 45 115 139 56 189 36 190 192 59 59 180 185 107 167 23 47 79 159 71 124 39 141 177 114 197 125 17 196 190 35 19 137 56 56 170 81 60 171 69 102 74 122 0 198 85 15 89 187 171 32 58 119 54 174 104 42 128 187 65 0 121 140 80 18 111 141 163 163 80 1 7 76 113 29 8 3 92 21 159 156 155 26 30 175 177 98 28 183 187 188 106 122 17 56 174 31 163 134 43 194 84 115 91 6 8 43 152 152 21 86 146 20 79 130 125 115 111 20 155 78 156 143 129 7 126 147 14 17 21 135 77 111 176 94 61 172 155 27 29 176 92 7 148 64 38 30 113 176 86 152 28 109 195 42 130 130 52 37 173 85 3 41 124 198 17 92 196 190 84 83 85 1 108 82 2 38 131 81 96 29 182 182 177 177 176 63 84 182 166 166 189 113 20 134 19 110 111 30 163 79 17 10 7 0 109 13 52 83 177 153 98 96 64 67 69 193 24 166 68 155 69 8 8 6 90 168 87 29 183 177 161 24 169 194 85 187 66 81 162 124 95 189 73 182 148 145 59 118 119 119 136 76 63 137 58 70 190 194 0 14 121 38 41 54 83 80 161 136 20 149 141 137 79 158 113 15 17 97 96 7 80 135 84 21 148 84 192 100 197 116 47 15 110 97 2 26 26 26 179 20 85 138 138 57 128 73 51 111 9 188 183 180 66 86 17 25 30 36 40 108 45 132 21 166 166 135 18 39 41 106 73 57 169 26 98 196 100 119 83 21 181 26 171 65 179 177 27 19 123 129 78 80 78 147 119 182 163 106 109 6 92 92 5 89 79 160 100 100 80 189 112 29 7 7 144 144 80 162 141 65 133 36 98 86 186 29 17 50 166 85 4 5 103 29 111 66 18 20 20 21 20 17 52 110 176 181 2 115 56 138 135 134 74 124 120 7 108 0 87 147 24 26 164 52 30 171 34 125 106 190 83 85 191 54 147 23 195 74 186 66 136 14 116 73 77 181 69 162 51 61 79 164 163 85 43 113 112 17 89 175 154 139 23 163 49 119 47 17 20 197 194 190 158 21 104 106 3 96 141 139 80 10 100 35 192 82 176 193 86 82 21 165 167 70 98 115 137 21 103 98 3 21 144 19 120 47 118 143 147 44 115 125 157 26 195 72 62 56 166 149 82 20 84 136 45 104 191 89 199 84 22 167 89 88 73 168 71 84 51 165 25 27 156 20 21 20 17 84 177 56 175 106 8 10 29 52 53 133 77 88 194 69 145 83 79 148 148 151 24 142 85 148 24 140 66 157 154 27 29 187 152 119 11 10 140 79 150 62 143 22 148 164 162 47 76 135 155 99 29 156 195 108 127 146 25 196 194 42 100 66 170 52 192 56 47 41 10 157 8 88 182 107 110 139 0 0 0 83 85 186 128 76 91 111 13 37 49 124 124 119 32 114 198 47 9 158 161 189 93 16 14 106 17 109 104 27 161 81 16 87 47 158 148 148 175 63 70 179 182 0 92 178 175 73 78 84 1 88 193 193 90 83 133 79 9 110 132 125 0 86 177 70 70 158 30 112 31 10 9 113 147 163 139 44 116 83 179 179 186 188 132 132 80 20 153 47 160 73 190 47 192 85 196 94 66 98 9 10 158 29 115 30 104 104 106 42 10 48 88 90 185 89 87 181 58 198 160 21 89 82 177 62 173 32 113 115 157 45 24 4 99 110 21 162 28 155 52 197 94 97 197 176 143 79 166 91 7 155 79 189 130 63 153 64 141 84 189 189 92 60 169 87 198 166 185 85 197 10 14 119 165 171 98 100 199 107 12 112 33 56 117 117 15 155 155 29 61 142 63 186 31 30 173 84 139 20 100 95 187 84 48 152 84 56 118 55 117 181 61 170 28 184 38 45 117 16 175 25 159 28 20 18 125 41 154 193 91 88 83 170 70 45 10 104 147 162 79 113 193 85 199 119 119 115 196 87 190 185 155 119 119 19 153 28 186 198 97 152 150 61 134 45 163 87 194 14 29 159 138 58 117 180 29 185 3 117 35 11 10 115 48 73 123 54 172 141 138 22 32 187 76 197 89 146 21 119 138 84 193 63 17 165 171 171 52 53 117 120 111 108 108 189 104 76 137 124 140 21 90 2 149 181 41 158 192 113 141 86 86 194 72 158 28 30 164 32 41 195 85 21 118 140 38 139 76 115 178 89 95 2 148 3 86 20 25 30 46 159 160 163 170 172 172 160 27 150 81 84 66 155 87 18 103 70 73 97 27 159 10 50 143 24 28 107 195 195 117 134 54 13 110 104 96 189 189 35 63 149 148 60 17 95 89 182 86 196 95 115 15 114 3 63 30 170 72 106 79 183 78 152 68 190 113 56 88 52 53 163 51 116 179 173 173 87 187 188 37 48 163 102 8 151 27 41 46 51 171 54 132 130 128 4 87 154 69 157 133 20 135 46 16 84 171 24 12 108 16 85 139 83 192 189 33 170 191 86 61 171 144 51 169 196 4 141 24 153 153 66 66 121 164 83 84 188 160 46 191 84 174 24 176 96 8 10 112 18 41 146 7 93 155 156 21 81 174 72 155 128 50 49 30 166 143 58 31 178 104 8 110 5 67 61 52 168 69 179 177 63 68 81 164 29 100 155 141 18 124 124 104 159 85 5 93 2 128 53 164 87 20 166 108 29 30 41 76 134 125 73 113 196 73 100 106 195 45 47 69 188 131 177 113 1 87 3 0 196
284.613389 meters