file bear-9.jpg
nails 200
imagesize 150
populationsize 100
elite 20
genomesize 2000
mutationcount 0.001000
mutation 0.010000
minchunk 0.200000
maxchunk 0.500000
iterations 10000
stableiterations 10
goodgenerations 100
burst 0.000100
threshold 0.030000
ring_diameter 185.000000
thread_diameter 0.050000
save_every -1
history_step 100
---
2000 0.050000 185.000000  41 147 147 26 184 79 158 195 18 134 172 61 174 64 146 59 164 26 155 100 198 107 28 31 32 32 31 107 174 104 186 83 164 188 0 82 83 57 47 195 0 107 109 30 113 113 190 187 74 120 140 175 195 4 33 33 32 0 79 162 163 163 169 176 63 126 197 74 73 196 196 74 124 11 43 41 96 169 26 3 96 37 50 85 143 20 89 107 193 163 79 132 18 89 56 116 7 94 26 27 48 49 49 69 71 180 168 49 10 103 105 133 18 111 54 135 77 79 187 107 6 120 93 175 178 186 33 181 64 60 55 50 51 170 30 60 171 53 116 118 123 6 90 82 180 21 134 55 26 27 28 27 28 56 177 115 126 37 49 121 18 96 150 7 30 174 79 147 147 21 146 130 61 150 20 129 17 101 105 120 60 3 41 45 53 173 103 174 154 123 40 107 41 106 11 28 35 37 134 79 157 146 113 119 128 43 130 189 187 182 85 196 84 192 82 104 80 173 35 130 101 28 160 74 179 116 119 126 76 94 3 8 80 158 158 67 69 71 79 156 71 183 30 178 144 21 193 86 194 37 16 97 150 111 111 70 158 139 131 118 60 178 63 88 189 181 181 26 15 114 14 117 54 71 194 195 21 139 57 133 74 97 3 150 81 86 87 21 136 18 103 3 147 85 146 146 12 158 26 151 27 154 69 8 97 35 190 135 138 22 28 63 85 196 98 20 159 158 99 100 65 179 39 63 4 86 199 119 120 120 18 99 99 8 130 20 2 88 3 113 71 28 157 174 94 38 37 59 88 181 20 81 176 90 13 36 97 196 196 195 85 153 99 16 93 66 99 19 128 36 130 56 88 45 137 138 85 40 128 76 137 85 199 121 57 180 85 17 92 26 154 127 1 126 79 160 155 99 20 155 69 91 197 114 1 49 162 163 140 193 88 184 89 192 87 195 17 87 50 55 55 57 118 58 56 56 156 99 73 75 178 188 107 180 88 95 124 39 135 135 76 196 120 65 143 39 174 86 196 72 61 137 60 170 53 165 174 31 33 190 116 49 104 180 26 148 82 20 118 4 130 130 130 75 75 197 47 47 193 68 156 26 166 89 81 163 39 31 28 166 53 82 199 55 174 108 45 195 86 0 0 1 97 105 107 30 111 80 16 18 117 116 13 101 10 14 27 27 8 101 109 4 107 5 0 140 113 32 111 27 6 110 13 26 174 72 49 17 120 128 131 131 75 172 66 189 36 193 23 139 131 111 182 89 96 8 118 46 140 84 185 66 49 11 25 145 41 130 116 15 118 119 60 146 159 104 127 158 47 85 43 8 93 7 107 76 130 11 9 40 147 147 43 69 187 32 143 79 85 141 66 156 153 62 87 191 189 69 180 109 41 101 99 197 84 188 185 85 79 93 74 75 180 60 142 21 19 14 113 18 22 27 172 176 26 101 101 9 136 24 168 193 87 0 130 164 84 3 18 85 197 88 144 140 101 198 114 30 99 144 50 45 103 94 178 175 61 64 69 107 189 150 125 12 111 2 86 81 191 189 72 122 119 32 69 166 159 25 144 144 86 197 95 66 66 4 32 189 33 166 147 146 77 84 189 152 1 125 122 105 80 13 111 10 158 28 99 35 129 122 116 84 186 158 8 95 31 118 3 20 135 131 3 85 20 32 112 31 25 152 26 179 86 149 26 28 43 152 87 24 151 63 174 89 0 126 34 160 20 138 4 4 99 95 89 196 90 54 50 166 145 143 77 183 27 100 8 137 23 32 114 107 73 158 120 16 107 34 11 11 103 7 102 100 30 30 8 109 198 198 0 1 88 19 135 45 45 105 31 116 12 107 199 116 44 9 10 160 80 107 141 80 164 87 87 182 63 56 132 65 187 86 20 145 124 116 93 91 86 146 111 19 21 141 145 170 95 107 42 196 195 189 184 84 191 189 185 79 131 9 92 90 18 18 124 80 144 65 150 27 107 196 126 77 85 198 184 85 177 73 195 99 32 117 179 27 22 21 148 85 193 42 57 86 63 63 61 128 79 188 187 71 170 96 27 104 178 102 106 124 59 118 49 49 153 19 69 72 195 5 88 185 70 190 83 135 150 150 80 163 49 125 79 165 85 60 167 27 163 166 79 159 155 28 32 33 124 147 150 71 85 139 19 71 188 33 120 66 182 119 111 107 186 89 172 56 48 2 92 33 33 33 182 26 98 5 0 1 93 179 56 38 189 30 19 144 116 46 158 20 79 130 58 139 84 87 176 91 32 32 25 148 66 190 6 122 122 33 90 56 174 24 10 7 124 197 102 8 45 85 171 51 198 28 162 80 60 60 182 79 126 128 141 145 152 178 64 142 144 147 87 197 197 49 115 117 52 169 93 196 113 192 159 9 79 99 111 71 78 161 165 51 6 8 20 87 71 107 79 164 29 187 30 16 56 139 64 95 176 197 125 124 124 61 185 107 181 94 27 152 82 60 140 8 149 34 191 107 195 2 95 27 177 25 151 42 101 64 37 120 119 197 188 30 110 49 166 31 71 85 56 33 25 90 168 80 18 84 80 101 37 185 86 183 23 124 130 80 161 137 135 79 163 163 163 30 32 34 188 68 68 87 4 27 27 185 120 118 45 159 69 124 152 66 64 64 69 71 190 45 87 6 8 27 170 62 64 149 21 101 20 156 49 50 55 177 189 79 101 4 151 165 56 198 80 80 86 163 152 152 78 74 195 0 28 109 42 195 172 36 129 130 18 10 113 29 185 87 2 23 167 32 41 146 26 150 64 18 22 166 187 90 194 101 114 45 50 45 41 12 81 131 99 2 5 9 27 176 82 90 193 184 60 168 69 63 140 57 56 13 109 113 124 124 124 123 60 135 130 23 180 0 139 115 2 90 185 152 113 33 17 122 70 70 171 52 197 197 42 127 19 120 120 51 166 81 177 114 135 47 163 189 193 73 74 85 82 185 184 107 18 198 59 185 83 163 161 47 14 19 18 114 79 120 197 196 111 135 78 72 114 143 146 155 21 18 100 101 101 197 103 133 55 13 102 126 130 166 0 2 83 193 93 92 180 59 119 58 71 182 32 188 89 84 193 91 1 87 181 84 81 77 130 125 124 156 44 38 123 33 21 93 187 130 188 70 194 21 137 135 135 133 36 47 175 104 71 67 54 29 161 160 46 157 20 113 31 33 107 166 169 171 198 133 45 82 165 29 101 91 196 118 151 160 48 101 68 146 84 172 175 30 173 107 3 89 168 71 47 105 174 109 9 97 87 186 27 156 158 9 0 196 124 74 89 2 84 79 112 18 19 22 144 144 1 89 193 195 95 97 71 72 84 163 163 23 140 79 82 77 153 159 27 22 17 84 170 32 45 47 82 78 89 89 83 20 144 60 138 19 21 18 122 39 103 8 1 86 142 19 66 84 63 134 84 20 167 198 97 182 180 190 84 135 37 124 73 73 174 191 76 126 56 84 81 78 74 126 18 62 66 81 174 88 194 180 180 177 74 106 12 113 34 2 85 187 185 167 80 20 81 140 140 128 120 52 145 126 35 189 181 175 173 73 189 158 65 62 144 172 60 1 81 106 8 92 195 195 124 49 45 194 89 171 163 163 167 183 125 18 91 27 185 45 116 113 195 2 82 91 6 140 140 143 63 63 60 37 99 74 127 132 163 199 87 66 100 43 43 16 126 51 111 29 19 136 76 77 150 98 37 71 75 132 52 126 129 18 21 7 98 9 56 140 20 146 146 140 138 55 56 169 23 135 46 45 30 169 169 147 62 128 18 56 166 167 49 140 86 87 19 118 79 192 56 118 119 146 150 152 152 152 155 157 155 150 45 45 45 144 146 174 36 120 58 58 180 117 135 136 22 142 66 66 33 172 188 104 4 91 110 0 195 170 57 59 61 69 84 162 148 60 107 190 69 71 167 196 44 39 120 21 157 103 124 122 111 20 151 64 3 45 158 21 19 132 133 42 63 154 28 196 110 52 164 158 71 189 189 103 4 21 140 114 114 195 156 64 57 55 175 107 107 45 147 83 81 84 87 88 8 152 23 138 140 19 131 64 84 72 73 113 113 113 198 118 37 132 158 30 187 33 174 1 107 125 121 113 28 19 146 23 141 24 176 84 66 67 85 82 56 197 0 5 120 120 119 48 51 163 130 120 47 116 50 161 166 86 81 78 129 77 136 128 123 39 140 147 20 115 197 76 127 63 152 146 143 141 153 26 8 76 97 152 194 108 5 102 4 153 28 173 88 47 28 19 21 21 133 54 163 14 111 116 180 161 79 195 44 135 22 177 83 187 169 50 45 40 108 108 63 64 107 61 135 135 140 169 74 198 88 195 193 193 191 40 124 112 19 18 123 158 159 159 71 195 3 87 87 166 172 180 183 107 43 195 89 81 85 163 21 126 19 21 135 163 53 53 118 36 40 102 87 196 88 90 111 113 89 82 11 19 45 115 107 194 74 188 85 150 86 192 48 165 69 157 35 32 174 174 171 31 114 145 21 112 30 11 83
228.807263 meters