file bear-10.jpg
nails 200
imagesize 150
populationsize 100
elite 20
genomesize 3000
mutationcount 0.001000
mutation 0.010000
minchunk 0.200000
maxchunk 0.500000
iterations 10000
stableiterations 10
goodgenerations 100
burst 0.000100
threshold 0.030000
ring_diameter 185.000000
thread_diameter 0.050000
save_every -1
history_step 100
---
3000 0.050000 185.000000  36 170 31 97 3 134 21 50 52 120 128 121 56 130 20 49 128 90 186 37 127 173 199 99 101 8 196 85 101 95 24 152 45 50 82 142 128 96 53 164 82 78 58 97 105 18 39 110 13 156 11 1 88 81 81 175 27 154 131 50 192 58 165 24 136 71 173 30 180 97 52 162 32 163 31 183 190 84 145 22 16 124 34 126 188 41 86 176 68 111 119 165 31 113 29 154 49 142 150 157 161 120 56 137 23 148 41 128 71 172 33 126 18 24 166 196 13 29 178 153 25 26 147 136 74 138 195 88 2 0 22 138 174 83 193 74 42 150 111 191 195 17 118 19 28 43 155 183 65 141 135 73 190 83 164 77 162 130 19 139 136 20 15 19 22 152 15 64 157 56 126 162 31 114 160 78 164 196 97 53 171 135 39 33 8 109 105 90 2 191 161 27 28 31 37 39 43 83 192 85 109 105 106 39 32 169 54 54 95 98 195 157 155 122 115 6 110 14 62 140 107 105 128 131 13 109 67 126 40 43 44 44 192 20 147 176 104 75 88 3 0 86 196 77 141 143 4 194 175 62 95 111 114 181 30 157 79 165 169 171 54 130 52 18 83 81 138 42 188 37 136 178 172 26 22 13 128 125 155 195 16 16 28 96 156 131 36 118 9 98 3 111 119 43 39 20 131 41 147 117 122 58 90 187 43 107 106 42 91 95 119 134 172 130 98 160 162 81 143 153 67 95 91 76 145 167 26 97 153 61 18 121 49 12 127 3 112 51 60 78 145 141 145 155 156 41 127 67 160 171 93 1 90 95 136 80 188 185 155 157 72 78 72 183 61 92 2 52 94 24 144 112 48 68 72 78 162 128 139 149 24 147 9 47 10 108 74 139 180 113 128 122 128 149 42 147 146 76 133 38 174 151 62 155 11 22 20 133 119 35 123 8 98 7 94 19 51 169 92 59 96 157 25 94 156 65 59 60 56 176 81 15 58 143 145 154 189 87 195 187 66 144 119 18 155 30 43 144 20 128 8 95 82 141 136 58 56 136 116 92 16 0 162 165 33 125 147 179 81 199 11 43 161 19 115 192 84 78 136 149 60 130 176 10 101 15 97 8 39 182 178 161 46 50 164 167 31 158 14 144 82 162 196 111 117 74 196 5 132 72 174 186 87 81 149 164 80 137 1 107 105 8 144 22 16 5 181 65 2 95 26 166 141 3 99 193 181 186 83 19 126 2 32 33 184 84 91 50 5 102 69 71 108 29 33 66 128 122 127 188 36 35 180 179 31 12 111 122 113 8 130 157 68 154 63 134 52 50 37 20 129 36 186 181 172 167 135 157 179 41 116 157 77 81 139 122 111 9 41 41 184 149 75 50 122 157 31 54 170 82 91 193 85 1 96 92 6 94 197 95 24 13 114 53 54 78 72 69 53 134 152 132 43 151 46 111 87 188 162 25 19 87 14 19 34 46 82 91 87 193 6 120 15 136 114 19 89 3 128 130 53 191 73 175 147 82 72 107 26 145 86 4 103 8 18 46 69 117 68 35 176 103 10 147 65 152 29 156 26 150 134 117 146 60 141 81 152 47 52 124 197 59 62 0 89 17 121 57 176 31 161 122 19 18 127 145 155 178 164 125 119 44 133 117 143 155 95 22 61 172 83 151 76 32 168 72 130 42 90 11 104 199 90 7 124 13 158 69 54 173 192 106 67 124 1 134 131 140 21 21 12 108 140 82 192 80 63 143 138 47 7 22 42 146 41 113 15 124 48 162 79 6 109 27 19 84 172 132 128 145 59 8 143 177 62 146 20 134 78 87 171 83 199 101 105 106 29 153 85 84 194 169 56 71 129 68 166 115 41 78 81 199 118 10 95 20 142 64 45 48 119 117 33 46 94 58 96 105 38 102 162 18 112 13 185 82 91 118 51 197 116 31 18 97 158 160 165 80 163 178 64 52 163 3 140 24 164 164 52 165 80 154 84 193 187 79 72 171 146 143 19 92 24 37 197 118 35 151 161 50 98 32 170 162 190 86 62 138 110 38 187 191 193 193 192 97 157 144 113 87 75 110 196 198 119 45 87 170 172 191 0 2 93 159 82 182 182 165 78 75 180 166 158 66 157 159 146 141 178 193 80 185 86 91 121 138 55 50 128 123 57 51 51 117 122 128 139 55 50 36 47 194 7 140 81 191 187 37 133 177 85 191 177 177 107 118 113 51 96 7 13 116 148 67 89 81 150 84 11 119 143 39 127 92 3 121 19 112 136 109 4 186 35 127 74 177 180 59 168 51 36 119 53 195 7 138 131 16 99 95 5 33 177 129 17 18 111 69 78 72 63 58 178 172 161 161 165 78 72 81 8 153 155 157 198 116 35 128 190 193 52 90 19 88 81 64 140 56 50 46 118 109 145 172 27 107 196 94 106 199 160 29 51 75 147 14 114 64 96 50 36 114 199 66 68 2 34 33 114 31 45 59 66 155 131 122 106 36 124 12 79 149 133 14 65 178 166 120 1 32 123 38 128 139 131 58 197 113 30 162 17 20 135 131 105 41 114 128 122 125 58 105 109 39 181 179 102 29 197 198 125 3 101 19 85 91 95 105 93 194 72 159 30 45 49 144 9 56 141 119 122 196 193 85 95 15 26 155 93 96 130 76 96 190 146 83 185 165 159 134 39 67 83 177 57 130 76 196 117 14 102 9 53 118 95 90 0 101 135 44 117 198 120 36 104 145 161 71 130 74 86 39 31 30 104 68 158 22 147 59 62 36 105 151 67 180 29 165 197 111 107 70 157 23 134 161 78 45 122 35 187 119 50 199 88 49 112 119 46 44 120 56 199 116 194 73 89 82 88 193 195 10 112 29 158 196 88 48 140 75 72 86 199 26 173 55 124 11 142 38 10 104 57 120 78 147 108 41 90 5 27 176 25 5 77 132 40 109 111 44 49 166 162 188 7 17 10 90 95 105 95 193 71 155 27 151 181 83 187 88 83 182 161 135 43 7 103 145 141 130 59 47 125 139 131 122 51 146 84 88 1 47 158 28 19 128 122 47 160 23 136 131 10 139 160 163 53 80 194 51 165 83 13 157 12 107 97 3 193 48 163 175 87 182 116 113 14 131 122 128 163 51 33 166 60 128 113 19 138 131 120 21 163 122 119 6 10 97 11 195 90 3 47 45 24 141 22 148 81 193 167 29 42 116 110 5 106 191 95 122 128 9 106 22 154 44 118 60 92 161 48 188 191 169 87 199 109 142 162 19 105 128 59 72 130 193 134 42 107 4 147 188 73 84 1 191 45 158 67 110 72 131 18 15 115 199 92 109 141 78 72 72 89 176 177 81 86 186 89 2 35 199 82 78 161 72 190 39 107 0 10 83 184 165 77 50 160 18 82 163 156 21 41 46 159 31 118 14 38 109 46 157 67 181 31 28 98 105 97 56 195 112 180 69 32 3 85 152 150 10 135 164 165 55 119 88 82 183 147 8 108 144 120 19 86 195 199 51 93 83 145 64 153 26 145 131 103 164 84 2 6 97 25 145 4 5 7 10 146 143 74 64 57 144 155 180 60 143 145 146 22 25 165 121 32 19 132 128 17 29 177 59 15 86 16 88 78 72 80 198 0 7 42 145 176 92 29 30 105 110 17 92 0 171 146 3 87 66 53 53 18 123 36 103 13 43 116 11 8 106 111 13 197 76 128 119 122 18 25 19 84 18 41 110 7 100 35 184 191 29 155 159 163 47 126 20 141 76 68 59 55 29 162 186 181 165 46 116 97 93 14 112 119 68 147 152 155 157 159 155 135 141 151 42 131 191 82 143 141 145 143 78 81 75 138 118 0 8 111 109 105 26 39 43 30 156 157 95 105 143 187 41 77 148 26 69 78 9 19 39 58 179 172 161 161 166 159 155 167 179 66 147 169 37 108 11 59 93 177 152 61 141 135 56 158 24 162 172 35 101 104 9 18 87 1 121 88 183 32 196 48 122 119 128 122 160 72 109 105 67 79 166 56 138 113 40 189 84 171 176 194 75 35 167 158 78 91 56 122 127 19 102 3 87 193 2 114 98 56 7 95 64 99 133 141 20 119 51 26 144 150 90 5 9 58 59 139 20 185 84 191 88 85 190 83 176 197 122 174 92 45 1 89 111 115 5 50 162 119 93 91 107 111 117 72 43 8 141 39 161 167 85 15 118 186 164 78 142 47 118 109 3 165 194 100 164 21 10 184 32 1 125 131 106 4 0 91 23 155 68 15 0 186 73 121 51 170 30 18 110 27 169 179 112 179 199 111 119 122 96 196 87 82 181 179 3 20 138 141 80 162 49 16 100 15 116 4 184 117 133 35 18 115 31 198 123 20 143 64 88 0 195 0 195 179 34 32 38 108 19 134 76 129 34 103 62 145 141 74 194 135 1 83 180 26 141 188 42 105 199 124 128 168 79 137 73 162 171 82 177 178 189 76 181 86 192 190 60 96 93 8 19 91 18 86 193 165 68 128 122 132 141 149 155 46 38 186 74 111 30 175 27 22 139 134 72 128 122 49 118 95 156 64 59 167 28 40 146 154 67 51 162 172 29 105 91 170 79 134 37 18 95 102 67 2 5 108 199 198 194 86 166 78 61 180 197 112 192 88 53 172 194 52 166 184 82 72 78 183 30 93 19 135 80 164 157 161 165 159 130 50 59 95 91 1 198 115 53 80 199 95 91 95 98 110 130 73 105 60 55 38 34 115 30 166 1 130 165 159 153 22 128 40 147 53 46 192 89 22 155 38 188 72 78 140 122 111 119 128 74 195 0 82 89 193 178 171 31 163 159 194 194 112 132 19 13 46 47 107 182 66 43 18 81 50 37 176 138 72 169 82 89 50 194 138 152 152 26 27 19 85 91 179 170 61 176 82 1 111 119 128 109 136 21 17 124 80 148 114 74 135 37 49 165 160 24 139 131 74 78 66 15 92 5 137 106 18 45 118 68 125 157 157 164 186 69 78 97 37 57 36 97 5 134 22 14 191 189 88 15 35 130 75 186 85 188 184 64 69 168 28 22 135 76 197 81 72 193 194 110 10 100 174 116 95 196 22 27 158 83 170 80 144 41 177 105 14 29 111 95 177 181 88 186 35 156 44 39 108 128 122 31 160 48 163 166 45 28 151 25 156 68 104 67 161 47 22 18 89 95 16 117 105 109 9 178 184 185 67 98 4 5 9 153 120 0 128 139 134 36 173 169 168 192 131 128 122 145 157 187 52 168 172 178 63 78 93 6 112 119 117 67 143 25 29 43 45 64 176 160 14 194 85 159 13 5 194 147 61 81 91 124 198 100 107 45 156 128 128 18 107 103 174 70 72 172 38 107 195 147 81 16 97 59 169 183 85 196 194 88 81 164 146 78 85 38 122 33 185 88 107 199 52 93 197 36 182 95 107 64 59 55 8 8 152 91 29 115 2 110 178 108 106 11 7 196 92 111 20 145 130 36 41 76 137 19 83 164 79 163 135 138 57 178 173 62 172 141 125 188 75 144 50 168 88 4 118 21 31 181 167 51 43 117 145 155 162 164 159 155 123 7 5 199 84 177 65 159 166 169 171 31 172 191 129 73 93 196 165 34 130 51 132 73 193 164 133 42 114 180 71 75 111 148 61 69 78 83 179 82 148 27 171 185 181 164 44 26 146 26 186 66 154 64 144 26 149 112 17 30 161 178 69 87 16 98 93 153 84 195 17 37 171 58 191 185 62 149 10 111 14 119 110 70 86 197 97 199 88 81 161 111 107 190 170 140 20 143 57 38 134 179 186 124 20 137 122 32 26 151 154 62 178 172 158 26 98 2 87 185 36 50 166 159 169 90 6 52 60 151 193 90 18 29 114 51 85 157 158 46 50 78 163 54 59 61 69 169 52 14 125 40 190 19 133 122 131 35 26 143 115 73 195 89 93 91 78 133 51 19 97 105 15 119 146 58 142 3 30 114 52 88 173 20 104 189 70 159 129 49 94 154 85 195 106 181 172 178 31 169 34 33 199 89 184 62 93 95 117 156 97 105 116 72 69 72 133 52 60 197 27 174 199 125 105 174 56 164 31 120 116 107 100 9 49 161 26 99 66 172 96 34 129 74 31 19 5 91 78 77 145 177 72 78 72 45 19 125 18 16 153 27 59 101 36 115 181 103 37 88 174 84 15 107 87 192 189 187 187 67 176 169 31 183 79 139 131 117 184 184 181 36 50 72 81 14 181 167 79 39 104 184 157 63 152 28 114 3 95 4 5 6 95 105 5 17 33 46 71 158 122 55 50 165 27 100 61 67 183 83 148 190 195 109 105 198 102 41 43 2 96 121 125 39 77 143 62 63 177 73 109 183 0 87 176 55 141 81 18 15 61 150 60 95 194 83 17 11 6 121 38 124 10 187 146 75 177 27 96 155 127 5 5 6 49 76 149 64 109 118 33 44 44 116 74 194 108 177 37 66 42 18 100 199 2 51 131 19 124 39 43 118 107 11 21 132 74 37 184 161 52 170 53 46 31 22 11 99 137 74 67 97 55 50 11 122 119 101 4 5 7 19 136 22 13 127 14 15 185 146 21 17 33 46 43 183 162 163 145 146 24 27 102 10 195 189 186 153 28 150 137 72 126 91 6 17 122 128 134 141 145 139 78 88 83 185 34 102 28 19 129 73 70 51 120 17 87 64 150 170 34 177 198 36 32 119 52 10 46 56 142 138 122 37 139 54 55 196 89 197 61 66 110 29 115 122 22 156 22 113 50 56 170 196 4 6 107 29 113
345.639724 meters