file bear-12.jpg
nails 200
imagesize 150
populationsize 100
elite 20
genomesize 2000
mutationcount 0.001500
mutation 0.010000
minchunk 0.200000
maxchunk 0.500000
iterations 20000
stableiterations 10
goodgenerations 100
burst 0.000100
threshold 0.030000
ring_diameter 185.000000
thread_diameter 0.050000
save_every -1
history_step 100
---
2000 0.050000 185.000000  86 86 172 121 195 115 53 36 174 137 74 138 168 31 20 196 75 49 160 24 150 43 149 149 134 1 33 27 108 6 35 35 5 92 3 29 113 180 58 170 63 177 58 58 196 6 133 44 165 51 36 182 178 173 120 47 126 129 130 36 103 110 66 32 183 109 110 30 162 163 119 48 161 27 98 25 102 9 36 129 71 108 196 35 183 164 32 58 58 56 37 103 199 114 13 54 54 121 37 29 156 21 134 40 183 136 39 38 123 1 89 195 74 123 7 8 11 13 63 151 83 194 85 66 153 16 124 57 61 152 28 157 29 54 173 86 19 33 185 35 149 44 80 159 23 23 154 192 18 158 72 129 60 197 86 86 122 36 132 105 20 145 23 25 152 192 192 44 153 41 33 163 25 18 113 19 132 136 78 8 110 13 23 140 140 140 143 20 12 108 70 72 193 108 149 15 95 6 81 139 81 199 5 13 27 149 56 3 7 117 15 21 153 194 116 11 5 0 90 2 76 117 45 47 48 94 182 64 145 144 24 164 55 50 42 130 108 177 40 39 174 27 153 24 143 143 75 72 69 118 44 94 22 156 12 192 83 156 177 33 164 163 79 76 140 21 198 115 36 48 196 86 81 74 186 72 173 53 194 14 119 50 185 103 104 3 128 36 101 175 174 60 60 94 2 92 47 128 76 154 18 127 161 189 70 66 154 62 143 48 142 82 80 154 44 62 67 164 48 47 3 198 174 85 167 60 143 105 109 73 163 164 6 112 13 86 182 73 78 81 174 173 27 147 130 130 59 60 27 158 23 124 114 180 76 130 35 84 180 30 22 138 54 154 49 161 23 149 159 98 3 87 199 198 124 54 54 8 98 51 167 169 174 176 92 6 9 144 143 135 58 145 8 106 198 66 73 2 131 164 78 56 98 103 10 105 106 20 156 77 134 41 17 102 6 37 171 124 157 159 27 156 166 64 96 196 3 108 48 116 73 74 76 189 189 187 85 199 65 141 13 98 10 46 94 56 121 78 163 82 0 7 109 186 193 3 3 90 121 57 56 84 184 184 88 53 53 146 25 148 142 56 44 135 137 75 58 146 23 163 52 130 108 74 78 87 193 121 1 124 59 93 91 23 144 27 150 28 170 60 132 131 36 35 34 100 98 192 156 65 103 176 173 167 69 59 142 143 147 58 56 53 124 149 21 111 196 74 181 103 105 107 194 73 66 124 64 46 136 74 56 173 37 47 160 66 58 58 194 30 112 179 127 48 45 106 174 102 107 118 126 20 132 62 152 76 133 133 37 35 167 183 36 25 142 20 20 129 143 162 81 177 172 166 24 142 102 101 10 149 148 28 155 48 81 141 144 105 68 68 118 51 170 149 69 78 142 80 194 91 18 28 33 33 3 1 86 168 60 66 156 107 196 165 24 149 173 55 41 127 37 102 4 115 20 144 57 138 44 111 13 103 105 105 67 67 159 196 29 153 118 52 100 9 111 18 32 184 106 187 70 112 27 94 194 47 144 143 142 61 105 93 1 53 130 130 86 160 155 51 94 14 64 150 141 123 198 91 5 95 62 123 124 128 140 140 58 30 155 120 54 54 53 171 163 163 162 79 149 147 76 142 143 23 152 152 65 149 113 49 48 8 140 6 93 158 46 160 98 98 163 49 51 54 139 157 95 100 4 107 108 134 53 170 170 170 35 55 174 179 59 175 27 100 102 68 156 94 94 196 83 173 173 2 116 13 61 173 69 156 155 12 106 86 186 69 89 177 177 179 39 110 10 31 169 86 194 136 143 22 66 181 180 106 183 87 176 176 54 170 37 66 171 161 66 115 2 114 41 6 5 146 186 37 64 178 83 81 81 149 26 71 130 20 37 126 34 56 196 90 23 56 198 101 186 177 95 20 139 103 4 88 0 126 174 64 94 75 194 74 60 55 50 46 120 79 13 35 123 196 156 38 170 19 89 113 30 114 109 11 106 196 54 48 157 36 97 89 2 8 115 163 102 186 81 17 117 126 19 85 18 112 142 143 143 57 58 123 20 149 76 59 13 91 6 143 186 84 84 2 96 92 16 106 108 18 97 118 16 122 162 164 164 164 103 105 106 142 143 40 186 87 195 177 29 166 167 167 87 86 181 95 26 102 13 105 42 147 103 86 166 53 198 32 116 198 198 196 93 112 20 127 124 113 196 194 176 25 140 39 161 169 178 181 70 105 104 20 134 194 89 95 101 18 119 20 23 137 56 56 101 3 113 199 86 81 195 106 105 189 39 6 51 197 98 32 171 175 182 83 191 20 22 148 66 102 70 70 70 52 89 173 118 49 6 89 3 140 64 198 198 198 108 44 45 2 126 128 73 130 13 8 53 136 181 44 161 126 70 134 64 86 113 10 47 88 193 194 51 91 186 160 67 163 163 27 96 192 194 92 116 143 81 179 33 101 27 192 49 165 48 124 13 13 64 107 182 99 8 94 16 88 168 51 54 187 86 198 80 140 157 30 115 77 160 30 179 180 74 131 18 121 15 115 6 6 44 44 3 119 35 37 106 124 125 6 2 2 138 108 31 120 120 17 105 106 108 40 39 31 30 49 126 68 66 113 114 33 115 113 20 138 133 35 185 85 56 55 58 61 64 186 98 196 76 50 144 3 88 182 42 8 0 195 86 41 150 89 4 0 81 168 50 160 45 149 68 189 41 42 190 107 11 11 110 195 85 188 83 154 130 54 136 116 42 152 83 108 113 23 156 198 113 31 43 151 77 48 47 189 102 106 140 24 99 9 187 66 66 166 162 72 132 122 56 176 85 86 191 87 196 197 29 105 177 84 188 105 105 95 83 146 51 164 80 197 96 156 56 126 127 66 178 172 164 54 169 70 170 2 111 20 136 16 87 21 145 144 189 119 47 162 83 18 87 185 163 177 64 170 126 5 118 197 81 70 155 170 170 170 156 42 106 136 42 188 189 189 191 161 78 198 105 18 21 132 43 189 81 83 190 40 111 190 76 146 21 131 130 192 86 37 130 8 101 16 103 86 83 83 189 13 151 26 145 143 144 148 83 199 19 84 84 37 35 175 63 135 118 88 186 66 58 124 33 33 182 106 36 134 118 20 146 154 94 34 186 149 150 76 136 141 143 58 137 140 140 81 84 191 160 160 23 138 6 121 149 184 117 48 126 8 8 104 198 29 154 28 35 131 72 117 13 158 47 50 55 59 180 43 155 22 121 46 144 82 181 37 37 80 80 6 117 68 158 164 82 183 61 56 140 82 193 192 70 132 131 56 170 95 10 7 94 58 83 164 118 6 94 53 164 20 102 8 41 187 13 13 13 17 34 178 144 22 136 24 48 80 189 113 136 60 149 84 173 164 26 141 60 98 37 36 36 31 159 25 143 77 82 192 85 170 83 0 118 3 95 198 118 35 186 113 118 149 156 156 97 25 30 170 80 77 132 54 174 62 180 83 177 86 16 160 179 83 184 36 37 37 188 186 85 98 16 20 150 81 145 44 164 182 35 3 103 103 189 48 48 118 185 83 176 178 85 193 83 10 60 60 130 23 28 158 77 67 98 4 127 113 7 120 19 131 51 90 89 90 54 94 18 186 156 30 37 37 108 16 72 130 122 119 44 155 71 126 40 47 2 1 64 142 63 2 13 18 126 89 192 99 58 130 148 80 174 37 139 76 144 144 25 96 194 88 6 98 86 170 130 0 89 84 81 142 108 8 37 136 108 181 170 26 27 70 70 136 173 8 97 95 89 174 174 103 20 44 117 185 105 192 106 186 83 172 62 176 106 47 169 189 126 118 43 133 2 163 81 18 100 100 20 135 14 58 59 145 139 132 50 47 192 80 177 36 39 142 189 84 151 11 105 8 81 80 151 56 90 187 83 149 103 74 144 77 77 198 120 56 95 189 44 184 174 72 79 166 26 144 102 89 196 194 149 150 183 83 181 80 136 19 91 20 137 45 136 109 33 184 34 33 126 126 149 149 149 8 112 192 69 102 179 179 191 0 120 119 6 110 110 28 30 35 40 144 121 44 37 70 173 66 66 81 79 156 64 157 56 163 70 179 66 109 109 30 22 135 56 143 173 156 44 110 3 43 182 62 190 84 60 106 67 165 23 136 57 177 31 118 30 93 75 130 3 129 111 74 86 89 89 18 128 126 126 66 98 62 68 164 79 80 196 85 15 84 171 81 75 70 174 94 98 11 15 98 14 114 141 20 140 113 113 14 81 69 159 156 11 94 180 175 173 80 95 136 6 70 160 194 156 25 30 51 161 30 66 83 85 2 174 170 136 1 25 95 197 102 113 51 74 74 27 151 151 48 98 58 126 39 125 156 189 189 189 91 47 122 124 124 124 125 128 131 170 170 170 164 164 186 20 133 74 140 109 195 159 71 193 13 132 51 96 98 98 194 193 47 159 13 51 125 128 60 144 21 130 177 191 81 70 164 66 95 2 108 9 50 45 35 174 83 81 147 44 18 124 11 126 122 18 82 91 95 93 60 177 125 18 92 8 103 61
241.252908 meters