file batman-3.jpg
nails 200
imagesize 150
populationsize 100
elite 20
genomesize 3000
mutationcount 0.001000
mutation 0.010000
minchunk 0.200000
maxchunk 0.500000
iterations 15000
stableiterations 10
goodgenerations 100
burst 0.000100
threshold 0.030000
ring_diameter 220.000000
thread_diameter 0.040000
save_every -1
history_step 100
---
3000 0.040000 220.000000  105 60 72 176 155 85 179 72 71 130 71 10 154 174 105 66 111 111 156 194 177 68 43 54 82 138 1 115 121 35 142 138 41 109 153 66 156 140 35 15 160 129 156 67 113 115 151 81 143 63 14 140 36 141 137 199 199 134 23 22 154 145 143 31 118 66 31 182 182 91 161 159 196 71 146 43 114 175 57 42 129 50 57 97 83 147 97 54 164 133 31 82 53 186 149 112 114 33 141 118 182 177 42 186 68 144 39 141 145 131 129 55 99 157 84 23 130 36 122 17 179 36 153 43 83 23 138 89 146 120 181 88 54 174 181 178 84 145 103 195 7 9 12 154 78 40 108 43 85 64 180 41 151 61 99 152 39 122 1 3 65 23 95 95 103 16 75 177 80 13 46 194 72 131 72 59 149 136 17 119 73 43 54 187 157 155 157 5 22 127 175 58 78 72 135 23 61 69 51 34 116 195 75 73 45 147 13 20 183 109 157 103 102 56 143 131 21 85 161 40 153 143 88 66 21 133 160 37 128 18 114 114 68 54 165 133 82 148 19 127 127 43 63 110 82 30 117 63 36 54 187 43 123 78 197 5 76 7 42 157 1 188 54 74 115 105 57 138 53 144 38 36 31 176 121 123 160 114 167 52 143 149 85 145 43 80 183 124 42 145 75 196 45 43 60 43 160 102 9 9 9 9 118 185 116 156 74 16 120 19 16 59 85 34 188 93 180 70 42 189 190 95 11 152 12 102 55 147 156 118 122 136 143 32 31 176 61 28 28 22 137 136 51 96 31 62 101 188 31 22 50 46 18 174 175 172 180 27 61 14 155 104 157 15 62 69 53 36 61 116 115 159 85 164 88 114 149 139 135 27 172 83 146 156 99 100 7 134 13 89 187 42 123 80 40 144 52 31 142 103 143 55 50 45 64 141 26 22 18 19 20 199 111 65 153 192 94 191 60 175 160 49 138 133 126 46 135 3 189 94 184 78 152 18 120 185 118 114 182 24 62 56 164 158 26 180 87 12 114 151 84 179 36 143 26 138 161 83 184 91 183 37 22 10 6 35 59 8 8 48 71 76 139 52 87 42 185 162 133 50 45 79 57 7 137 71 37 139 12 157 179 140 174 41 174 53 128 123 98 75 60 9 119 72 82 136 61 65 16 91 17 76 6 58 106 176 29 133 121 34 140 52 73 195 153 77 151 120 32 137 147 94 55 80 51 164 37 66 2 81 108 99 54 140 35 141 51 64 18 46 55 60 13 140 50 192 158 82 147 63 194 135 37 55 165 156 184 123 79 56 80 50 46 2 137 116 157 159 1 136 88 148 48 10 95 95 159 182 36 37 38 121 87 182 31 135 144 101 101 146 139 161 153 69 24 134 7 87 188 188 174 111 152 134 176 24 164 160 120 133 145 62 176 23 58 149 123 39 57 172 109 174 60 7 77 46 64 150 0 114 195 193 191 188 182 154 52 89 153 167 120 167 154 88 21 12 113 12 125 42 47 164 53 14 156 155 143 72 153 99 167 41 161 156 77 145 37 22 161 30 135 12 15 63 179 83 18 180 180 28 180 86 51 74 175 174 22 28 36 41 172 27 139 45 186 85 24 106 113 44 181 19 19 18 85 57 13 173 57 148 70 147 65 96 155 145 151 150 84 51 1 27 22 11 110 197 138 46 191 148 69 177 76 151 12 172 192 112 176 76 44 137 3 134 141 69 72 82 61 68 45 42 180 73 56 171 120 98 5 38 145 35 101 71 94 189 57 46 197 113 114 198 119 129 18 63 51 143 124 40 143 176 182 74 176 114 172 179 177 182 178 63 80 184 45 12 155 105 79 31 97 154 161 137 31 125 19 24 138 134 197 176 75 46 189 197 59 106 109 12 2 131 50 55 80 28 160 78 110 149 82 47 8 103 104 158 182 79 44 84 85 153 83 171 18 82 43 133 20 124 10 104 37 146 53 140 188 151 69 39 31 126 134 169 85 50 143 182 89 145 143 37 89 103 181 160 195 0 115 59 193 5 75 157 104 71 118 12 149 68 151 79 72 149 74 151 111 183 133 141 145 161 175 137 133 160 196 106 40 84 45 83 12 130 149 83 82 165 120 30 198 27 142 96 96 151 66 55 26 59 175 109 62 136 182 24 140 76 100 60 150 88 188 197 120 93 184 146 149 56 173 18 162 45 136 164 141 87 54 148 123 195 96 62 146 47 114 155 136 11 121 123 125 11 123 143 77 57 189 196 120 139 77 91 187 90 12 117 25 48 14 118 68 118 15 114 189 37 120 1 82 144 50 24 20 79 163 32 69 18 55 50 54 13 156 71 154 120 120 37 101 8 3 199 80 75 84 13 63 148 147 85 70 118 160 133 73 156 181 31 49 137 59 51 144 182 106 164 84 177 55 142 84 120 76 146 42 189 145 55 188 90 151 150 11 137 75 82 16 122 123 123 118 6 26 180 139 176 123 12 126 148 67 134 20 179 41 45 188 111 8 69 76 137 133 137 197 166 166 182 93 20 37 152 110 10 50 45 72 82 61 177 180 8 38 92 185 1 152 95 156 78 147 54 173 41 70 53 98 55 61 68 30 166 118 12 19 52 26 132 19 155 75 53 19 160 131 18 71 24 20 127 17 119 120 120 31 85 61 149 51 22 32 70 143 98 57 174 23 180 175 57 82 155 169 55 140 108 26 19 114 188 55 30 138 59 107 193 94 59 55 189 190 90 55 7 101 26 136 140 26 32 141 147 100 6 188 43 45 184 67 118 176 78 20 1 126 20 121 112 186 141 146 51 17 125 40 174 153 153 112 12 3 3 139 139 133 137 64 43 75 69 105 18 133 133 22 156 134 46 194 80 177 111 148 132 22 139 84 160 160 26 180 118 125 151 103 163 85 57 173 156 69 140 173 133 4 84 55 101 152 155 188 100 165 133 17 61 193 133 24 170 84 179 122 12 18 127 166 131 128 41 76 61 175 173 175 66 6 17 166 52 80 49 83 178 62 194 197 144 62 148 145 127 46 44 188 188 161 181 89 145 71 50 86 69 7 120 118 3 33 13 173 58 170 55 141 53 87 113 127 25 137 134 192 46 189 92 92 62 152 164 55 187 120 180 24 135 141 136 188 141 77 142 82 125 47 13 62 60 198 125 44 19 76 47 1 131 178 35 130 5 140 73 166 39 135 26 133 23 22 0 132 4 51 142 39 52 27 157 111 118 24 180 44 146 97 153 171 178 174 13 141 11 122 116 116 116 4 85 179 20 92 26 135 34 146 77 141 194 178 189 90 147 89 36 67 76 137 133 46 87 43 180 182 92 85 150 155 159 118 168 138 63 55 97 21 52 137 40 72 65 111 72 79 199 162 146 63 52 133 25 171 144 40 76 197 123 37 197 110 159 184 93 21 143 149 62 117 69 118 118 161 116 1 98 54 77 84 81 59 151 114 179 66 182 36 1 42 128 106 192 118 13 171 24 162 168 38 121 65 5 6 170 43 177 180 24 171 23 28 22 5 67 174 135 133 30 139 132 25 3 47 160 22 69 8 160 27 119 191 59 48 20 197 163 107 152 73 132 72 64 12 119 4 2 106 151 146 123 110 64 111 30 21 126 126 41 45 191 137 50 83 136 134 156 79 29 176 27 73 151 116 118 11 33 139 54 182 51 145 126 11 72 78 85 61 42 72 166 54 45 50 23 87 72 12 173 175 171 27 134 43 54 172 178 123 39 69 193 116 20 22 27 183 151 78 60 56 98 98 55 59 146 72 78 49 135 33 152 176 108 188 181 178 175 51 140 84 81 13 121 77 183 42 113 113 155 153 155 145 150 155 159 155 142 43 50 48 139 143 183 36 112 66 56 190 113 156 132 21 138 70 72 27 173 197 111 10 81 124 12 14 168 42 45 66 78 84 155 148 61 97 193 70 70 164 186 45 37 133 26 145 98 149 145 105 22 146 61 9 42 174 177 35 139 7 58 190 46 52 134 152 123 3 133 152 75 70 48 135 1 163 83 154 156 100 99 66 112 31 24 172 56 50 81 49 68 36 152 194 104 104 196 114 92 183 79 43 29 95 19 59 96 190 119 36 179 62 45 193 25 18 122 79 8 148 120 121 31 181 123 127 69 72 101 11 135 139 56 97 142 163 12 111 109 61 108 22 122 128 49 86 81 52 80 184 142 188 154 157 83 1 178 181 87 139 141 83 31 181 179 154 47 136 26 37 69 78 182 175 73 114 116 120 77 152 147 104 57 97 156 185 93 189 138 145 181 73 133 51 94 23 176 77 177 57 82 50 84 158 2 1 134 134 141 62 53 86 185 114 116 119 1 66 62 177 62 80 130 42 169 137 46 124 135 50 78 1 80 106 156 158 13 149 51 64 133 11 36 184 76 85 22 131 20 26 134 134 47 12 184 89 148 145 148 139 136 149 173 120 120 124 48 136 156 110 30 136 26 0 196 196 105 195 106 143 36 138 51 12 73 175 22 27 173 86 55 50 13 42 187 124 160 134 49 82 131 23 111 11 13 188 46 164 154 140 87 55 59 189 56 67 103 103 152 136 31 61 1 154 158 111 31 183 90 182 182 20 129 165 52 14 120 175 22 105 58 84 81 145 108 19 25 36 144 56 95 37 138 145 154 161 141 50 19 152 81 72 88 50 20 55 182 50 18 134 168 33 23 136 57 197 197 162 76 29 176 35 69 78 153 150 62 83 180 173 12 152 72 48 81 50 38 140 83 50 26 64 53 171 7 197 168 107 107 189 91 53 185 44 26 44 72 90 69 50 16 119 178 6 120 139 133 180 138 72 78 19 29 1 177 77 81 46 190 103 74 134 130 21 139 136 71 108 165 83 78 84 62 17 128 183 27 34 102 11 138 5 180 44 192 105 105 148 77 48 133 159 17 114 88 153 98 31 28 19 81 144 63 10 84 180 162 163 164 55 50 142 105 69 116 6 156 123 198 112 77 149 116 18 36 103 137 7 9 123 118 116 146 52 164 91 89 152 152 76 199 133 38 8 141 39 65 145 141 163 101 143 49 139 83 3 179 22 46 69 179 147 106 154 15 121 182 24 176 175 174 22 80 26 90 34 168 118 5 4 4 66 78 178 179 143 83 52 79 165 78 99 1 143 22 23 45 199 118 71 143 161 100 149 63 88 155 102 150 90 156 12 156 170 199 177 31 180 184 43 170 133 188 188 106 153 84 143 57 100 155 123 1 19 159 22 23 160 125 18 53 168 54 56 188 5 100 151 148 84 146 108 107 196 82 150 103 104 149 89 81 107 155 169 116 0 199 124 118 116 26 12 120 75 176 116 159 164 50 87 35 143 69 84 2 122 21 134 114 114 103 149 70 20 80 87 113 68 100 8 170 38 61 76 182 138 56 174 70 50 134 141 74 197 197 197 197 199 135 45 81 179 172 53 147 60 61 55 172 175 18 136 111 159 134 15 75 61 150 77 197 61 10 30 176 133 147 71 9 22 106 69 136 195 178 176 175 75 138 12 121 95 89 142 71 175 67 106 62 108 182 65 94 190 123 88 15 76 52 185 178 69 190 102 104 82 132 124 197 75 119 175 56 187 175 168 86 7 29 137 67 4 141 50 163 31 54 188 180 82 45 125 153 12 110 169 40 63 151 89 188 157 102 148 51 36 142 145 146 33 86 6 52 172 177 65 149 55 171 116 198 78 8 53 136 198 58 38 13 76 18 135 154 40 75 94 186 42 110 23 72 92 92 188 188 160 12 149 73 85 151 128 122 78 72 161 71 175 1 47 137 69 78 19 24 136 174 17 112 10 72 78 46 115 34 83 135 43 187 123 22 17 123 20 86 154 139 36 50 61 26 137 42 107 60 22 162 75 153 11 19 28 22 39 130 18 180 183 66 44 187 32 195 191 179 179 175 28 23 74 119 156 68 78 198 127 81 148 75 6 133 49 88 146 188 42 179 116 70 153 185 166 111 64 145 140 82 44 13 148 82 139 0 180 71 180 152 88 144 69 100 149 64 148 175 24 186 43 132 81 141 85 81 159 18 43 180 31 55 85 81 75 135 52 5 50 132 45 42 12 174 66 44 187 160 53 73 42 180 18 126 33 142 73 13 74 135 143 82 78 183 93 54 72 46 9 111 78 155 154 152 71 78 53 78 177 41 15 74 147 1 0 194 45 54 99 140 18 124 12 150 107 107 72 105 77 57 149 155 90 53 126 17 174 60 71 118 46 83 138 133 141 52 78 91 190 12 13 123 11 62 139 31 141 175 26 180 111 113 87 163 109 19 4 34 69 181 114 159 31 49 82 179 133 174 43 6 61 69 6 136 150 179 172 178 142 152 182 89 47 147 149 52 145 104 18 50 77 144 143 139 134 177 42 72 78 59 39 163 145 50 26 48 75 57 141 171 176 24 18 49 127 48 91 96 55 133 44 78 45 41 72 2 22 170 56 190 140 32 138 84 141 10 62 25 64 1 63 55 103 120 4 168 111 113 11 146 41 69 99 94 148 118 10 126 15 73 26 76 101 193 188 99 0 133 192 44 135 146 104 155 165 165 143 141 76 111 111 43 69 147 31 45 50 87 120 136 33 138 50 55 100 74 42 79 111 114 69 193 71 134 172 177 79 167 41 74 45 141 94 94 69 161 49 23 197 197 125 158 112 199 77 162 167 5 116 154 76 120 155 151 71 93 191 57 139 26 29 144 106 179 170 40 128 43 74 102 66 82 98 68 148 50 55 173 174 123 124 2 1 151 82 163 21 24 88 182 34 141 73 54 175
412.922904 meters