file fish-1.jpg
nails 200
imagesize 150
populationsize 100
elite 20
genomesize 3000
mutationcount 0.001000
mutation 0.010000
minchunk 0.200000
maxchunk 0.500000
iterations 10000
stableiterations 10
goodgenerations 100
burst 0.000100
threshold 0.030000
ring_diameter 220.000000
thread_diameter 0.040000
save_every -1
history_step 100
---
3000 0.040000 220.000000  53 125 15 196 87 16 136 29 114 32 155 21 12 54 126 165 196 196 156 92 83 11 70 62 165 67 34 54 133 54 120 7 31 54 127 122 128 140 81 194 10 30 22 119 14 84 113 63 66 150 26 180 84 147 150 25 31 108 12 86 0 177 178 172 170 160 156 17 74 8 108 181 180 108 126 151 97 190 12 130 99 183 39 24 108 25 1 119 86 105 18 138 151 24 25 96 186 194 66 127 24 194 67 114 177 72 71 69 16 153 59 128 11 67 66 66 161 44 82 73 8 122 52 181 158 65 68 194 109 41 149 57 46 176 69 42 173 142 177 178 61 146 28 109 34 31 184 186 114 135 135 68 172 172 175 70 100 41 141 21 154 104 196 173 174 69 78 199 1 85 194 53 80 175 140 138 5 173 6 137 18 22 178 88 19 139 132 53 157 154 16 74 73 127 58 151 63 137 92 18 9 68 128 120 120 80 13 136 155 34 190 47 2 125 38 17 83 156 72 164 31 11 77 190 93 94 181 76 199 59 137 97 107 32 30 48 146 35 145 161 17 70 144 28 199 92 190 47 51 3 79 155 165 174 108 20 109 190 48 111 181 1 58 2 49 196 146 34 155 50 44 92 171 66 106 12 118 56 162 170 108 115 127 127 79 97 27 143 100 169 87 91 3 156 34 34 108 108 80 8 182 22 149 148 22 90 175 73 14 24 143 187 44 74 76 42 143 44 165 190 44 101 167 187 82 195 51 51 35 156 33 106 108 39 126 76 2 70 199 117 193 84 164 25 94 183 111 177 151 43 64 10 80 75 180 89 22 105 130 10 107 38 44 162 142 15 120 120 144 18 146 11 99 96 135 191 58 91 170 54 116 147 183 76 83 145 145 153 22 158 187 180 82 176 114 183 177 106 197 105 69 195 74 61 138 149 20 105 60 137 137 172 42 47 112 188 115 196 114 109 111 111 122 11 179 47 178 183 52 51 120 146 103 4 105 105 9 86 87 20 103 195 118 37 125 51 116 48 43 186 40 10 72 75 78 81 196 86 18 85 54 50 45 39 38 170 148 20 133 62 62 62 144 86 182 109 12 77 118 196 91 20 187 187 186 112 179 67 12 16 88 88 147 20 100 100 100 100 22 18 131 7 121 129 9 54 9 8 110 37 38 86 171 170 138 173 30 3 1 199 66 13 24 103 80 111 45 73 176 60 60 60 62 166 169 106 108 11 101 60 135 12 15 74 70 162 24 174 94 126 126 199 42 142 63 67 120 122 53 19 146 50 42 31 31 31 165 80 7 103 149 88 21 156 96 97 145 106 0 194 102 21 183 97 199 105 168 75 89 89 68 8 100 19 10 129 70 35 13 183 127 78 64 140 67 18 152 195 191 95 142 126 38 108 106 26 107 2 79 167 102 24 176 45 0 30 105 31 28 197 41 150 150 97 27 113 180 172 106 124 59 163 58 50 167 73 166 79 35 117 194 103 1 97 25 151 170 39 46 90 90 134 60 72 78 74 166 166 24 166 33 165 16 109 172 88 187 190 23 127 26 72 184 186 189 187 181 86 163 24 2 85 13 124 13 70 100 66 66 102 19 10 33 114 74 182 50 70 194 158 159 38 94 94 159 26 113 193 151 12 196 116 194 114 115 40 38 124 86 12 91 79 126 4 97 97 98 1 56 126 131 63 156 49 23 119 56 79 135 66 73 180 177 166 48 112 110 106 70 15 143 43 21 163 176 138 135 134 183 69 2 120 119 63 115 36 122 37 124 3 34 188 190 48 154 33 174 86 185 30 87 66 34 147 19 146 136 59 176 76 76 114 184 53 197 24 64 101 191 190 57 131 17 149 190 24 170 171 180 49 49 11 18 148 57 50 116 10 128 136 93 10 27 110 33 7 117 111 33 38 130 57 123 36 11 14 130 16 25 95 97 28 152 29 108 20 184 76 70 10 42 114 58 144 99 190 24 151 1 28 22 22 140 90 90 67 14 138 82 15 64 149 194 51 157 72 14 74 2 49 112 12 107 3 184 17 79 136 136 66 33 32 165 70 169 170 133 189 35 189 59 139 115 119 66 182 114 135 180 97 53 121 150 64 51 116 52 196 76 7 54 117 54 76 56 2 102 102 190 114 191 153 94 94 188 93 61 164 30 197 94 55 117 197 100 193 83 194 100 93 156 145 32 108 70 39 181 158 165 187 80 86 86 135 79 15 10 51 30 115 199 150 56 186 22 177 35 18 154 180 190 59 4 12 92 91 62 168 39 124 16 106 30 153 170 65 136 113 31 187 90 153 1 4 27 60 125 126 127 132 54 124 149 101 187 72 130 30 66 44 44 111 173 89 4 21 158 2 78 194 48 4 8 97 2 122 10 13 123 68 62 60 97 35 120 120 120 163 43 162 97 96 2 160 154 144 173 169 76 74 68 1 142 84 179 76 39 190 40 187 7 104 6 24 94 20 192 180 72 149 94 26 27 70 114 46 50 51 198 10 92 21 100 100 67 189 96 95 94 120 127 7 0 195 33 105 58 123 116 191 39 184 12 17 89 106 35 121 6 80 49 111 114 114 31 156 51 168 105 111 178 27 161 183 30 181 87 86 53 183 51 117 17 151 151 76 160 13 117 189 76 75 197 87 21 101 101 100 147 139 15 111 45 143 142 56 132 60 153 44 2 2 81 190 46 189 115 183 167 100 4 127 130 139 175 33 44 164 158 19 21 104 120 122 51 51 180 176 80 124 76 30 8 41 41 152 151 102 4 157 177 180 91 97 14 106 4 101 168 165 28 111 32 166 34 8 130 180 64 97 97 19 90 198 94 158 196 117 5 73 72 3 96 168 33 144 94 137 56 64 69 71 187 120 68 17 165 78 5 31 110 22 27 70 66 31 80 74 160 42 139 76 161 2 7 11 19 22 16 24 196 69 23 163 80 81 169 187 42 163 183 40 149 149 120 170 106 115 121 5 96 77 170 160 160 163 44 108 13 149 73 177 47 112 110 25 27 64 119 2 21 91 4 56 127 8 9 62 136 58 126 22 113 187 102 24 149 149 100 188 101 184 177 34 105 103 19 90 44 133 6 21 180 107 21 118 156 156 157 53 197 4 34 66 63 167 74 36 107 4 94 94 135 136 149 54 197 74 79 177 70 100 76 129 53 11 94 151 120 1 25 107 107 35 9 188 76 10 83 170 89 185 80 126 3 33 144 11 107 39 45 74 138 80 51 121 130 61 22 23 90 74 97 98 91 7 77 178 170 17 63 63 144 17 31 116 12 19 25 152 92 57 8 128 132 100 149 2 126 3 92 23 38 9 0 199 106 112 185 20 145 18 164 136 136 173 67 57 130 55 56 97 54 54 102 169 106 130 136 93 194 42 37 167 99 138 137 199 23 133 76 152 44 110 46 46 47 110 33 190 197 70 173 94 42 43 76 17 162 76 76 97 99 13 76 99 165 183 70 182 38 36 35 199 51 8 39 20 86 130 184 37 127 4 3 103 101 101 19 28 31 21 159 89 22 120 6 64 106 111 17 154 17 73 108 21 100 54 171 171 152 90 92 92 54 54 1 7 116 183 170 193 42 141 126 57 123 7 36 124 170 170 14 18 37 158 158 156 140 42 164 81 189 111 19 85 106 179 4 130 153 31 70 196 178 106 21 103 14 137 34 106 6 133 66 176 190 0 120 120 117 14 22 162 88 88 18 153 114 101 190 160 24 14 198 77 193 193 12 14 76 190 76 38 129 60 77 197 20 76 127 42 186 160 20 100 146 8 8 158 157 39 173 69 12 122 114 27 168 103 24 168 173 159 24 91 165 47 86 29 107 7 73 172 56 190 18 131 11 17 139 74 39 148 40 172 172 173 110 175 24 171 55 82 160 12 104 11 156 120 101 86 66 120 74 127 194 192 44 143 15 130 130 127 195 194 44 150 16 80 90 91 160 160 157 19 27 62 62 179 35 168 100 86 191 186 78 183 111 27 57 151 149 86 19 16 64 134 104 197 4 160 41 38 127 51 182 189 45 152 102 20 24 197 151 151 45 191 61 141 120 120 56 136 170 128 7 55 187 131 14 18 48 111 13 108 42 189 23 91 151 156 36 48 190 188 173 24 14 124 67 151 95 144 86 86 86 86 18 194 165 66 158 97 142 135 119 22 149 143 80 155 151 151 147 16 85 49 92 177 46 44 110 28 135 84 2 27 107 2 75 176 175 59 177 191 16 162 44 199 196 80 11 184 23 51 169 151 40 192 84 17 153 27 180 196 4 51 194 151 89 18 22 18 108 108 40 38 91 19 22 190 191 195 99 197 129 62 179 74 158 103 184 100 14 83 83 18 120 4 120 141 22 113 193 95 80 13 142 43 45 50 128 38 127 94 96 177 164 15 19 22 155 129 56 94 23 12 59 151 191 23 148 177 76 59 125 18 88 131 61 2 83 169 36 158 54 24 66 69 194 192 174 42 132 132 22 114 64 157 130 124 15 97 139 37 123 56 23 104 169 104 132 15 139 21 180 110 20 99 79 10 183 50 10 22 185 113 175 86 86 168 48 167 133 92 55 9 78 68 170 144 128 125 38 126 37 8 169 88 19 98 10 67 135 135 135 27 94 67 68 161 69 33 137 189 185 70 193 92 153 151 89 148 173 151 67 160 132 59 193 69 175 45 82 14 17 137 137 58 161 21 86 180 184 97 115 151 198 54 159 127 9 134 92 19 51 181 66 52 169 49 112 114 32 12 111 115 190 114 1 1 30 10 37 180 30 135 133 56 86 46 93 22 160 102 71 71 116 187 188 23 17 155 170 86 173 90 164 2 73 48 179 115 7 108 111 49 10 94 182 127 105 13 21 105 4 187 54 157 146 82 172 110 29 84 109 21 14 38 157 114 141 174 73 199 0 5 0 104 168 18 54 184 177 113 51 184 196 56 160 40 38 88 133 59 162 41 184 52 170 108 26 163 13 109 24 85 83 51 146 36 178 172 184 126 41 183 184 40 173 194 50 52 121 4 119 2 94 70 176 2 90 149 38 124 58 86 156 50 92 67 86 183 88 80 12 18 156 4 32 154 81 19 23 127 130 130 83 190 156 18 20 151 42 127 100 199 31 165 89 0 87 173 42 71 197 86 13 0 7 100 165 160 68 73 27 1 106 106 27 120 5 115 113 176 81 71 64 131 4 97 154 94 163 3 115 61 53 128 98 193 115 44 11 82 13 22 31 1 82 61 133 135 62 9 79 141 77 181 38 194 96 143 141 167 1 180 160 5 95 152 24 161 20 54 158 156 115 70 198 44 177 47 12 19 25 169 177 83 134 21 3 57 106 106 25 192 49 43 108 4 0 29 143 2 87 161 42 42 41 173 56 27 110 116 127 57 161 92 145 145 80 136 147 35 94 94 39 158 32 76 51 51 97 197 103 66 75 199 104 24 170 175 70 170 27 22 15 187 32 13 129 15 176 45 187 157 102 53 199 196 194 71 185 8 41 185 39 89 85 8 77 74 158 39 73 165 86 86 86 54 131 172 78 139 170 178 109 14 136 61 149 155 162 45 163 149 127 39 34 191 5 107 119 0 193 110 24 3 61 13 73 41 186 101 145 34 34 53 130 165 35 44 3 101 152 17 125 116 13 129 54 49 111 105 160 25 23 194 160 192 114 118 13 39 38 158 24 8 60 130 54 199 56 56 58 75 72 18 149 149 120 161 91 64 158 55 118 23 132 23 47 116 193 81 6 25 104 104 197 67 159 159 53 77 165 165 94 60 175 44 1 156 156 62 138 16 107 104 63 168 127 173 178 184 112 181 178 177 85 159 66 95 176 174 150 19 103 197 196 1 156 24 3 86 17 66 168 89 19 194 20 24 1 4 135 5 3 23 51 51 188 193 196 92 92 11 106 23 194 192 54 171 110 111 111 30 108 15 174 111 111 110 110 100 60 127 122 35 73 185 31 163 165 45 188 15 83 54 196 74 71 64 156 184 30 22 10 95 184 87 19 99 73 196 147 143 23 167 24 8 56 57 173 31 171 110 30 170 166 7 64 167 19 10 11 18 104 15 117 0 196 88 87 8 33 70 45 44 77 77 14 24 149 92 42 187 111 42 42 141 110 24 21 108 127 67 199 139 139 3 106 104 160 197 116 156 196 73 156 17 67 171 169 73 76 1 119 12 24 190 34 22 177 21 155 161 43 8 93 24 165 61 198 10 81 100 17 138 93 84 17 19 16 2 80 126 126 106 31 173 73 139 18 192 64 149 149 130 190 122 57 75 1 115 195 177 60 163 18 22 179 37 95 54 55 159 160 64 68 27 38 184 22 115 115 158 27 134 56 118 199 118 198 24 50 76 180 67 192 95 94 14 137 123 14 19 20 97 97 147 51 156 156 177 5 116 115 73 140 147 36 177 9 98 136 31 29 11 18 92 140 139 16 67 116 49 154 70 79 11 96 86 70 147 51 92 66 178 70 70 26 4 110 46 94 130 130 73 60 83 146 153 181 113 119 80 80 11 151 44 4 30 30 104 74 126 23 105 27 52 156 135 14 132 135 134 16 72 173 136 177 27 46 154 59 58 150 101 12 82 82 190 148 147 18 85 13 106 163 22 28 109 110 184 115 41 151 66 2 56 187 98 160 66 33 73 125 56 62 97 185 110 110 30 50 196 85 127 156 97 194 15 75 190 46 110 179 178 113 114 195 150 24 2 88 177 61 135 4 73 188 44 11 17 145 143 143 140 196 47 193 26 3 99 194 2 133 22 13 107 20 170 92 26 52 126 64
421.863142 meters