file fish-2.jpg
nails 200
imagesize 200
populationsize 100
elite 20
genomesize 3000
mutationcount 0.001000
mutation 0.010000
minchunk 0.200000
maxchunk 0.500000
iterations 10000
stableiterations 10
goodgenerations 100
burst 0.000100
threshold 0.030000
ring_diameter 220.000000
thread_diameter 0.040000
save_every -1
history_step 100
---
3000 0.040000 220.000000  57 174 79 107 5 20 122 37 23 124 121 0 181 70 26 3 103 165 194 81 58 98 194 73 122 122 23 121 92 133 133 71 185 70 136 91 164 30 122 17 18 20 154 140 102 23 128 24 84 17 39 39 150 28 161 140 177 8 96 161 156 5 117 118 115 175 180 70 173 65 98 185 107 196 171 69 122 96 103 146 42 149 74 92 42 5 125 92 138 66 170 175 175 79 69 24 142 144 171 173 46 65 175 70 38 33 124 63 89 183 54 176 92 196 88 166 184 154 118 19 85 29 108 195 198 106 86 22 83 21 84 48 8 8 110 19 119 174 123 100 21 24 35 45 107 109 11 35 177 53 3 2 105 180 96 131 116 52 49 118 173 81 92 57 94 158 29 162 25 22 30 120 65 72 185 84 192 110 193 93 15 29 86 93 42 124 99 192 190 189 86 199 120 119 188 81 136 66 82 132 198 191 154 96 123 31 159 46 1 118 64 70 186 22 154 83 19 93 122 7 48 181 107 149 38 179 96 104 79 78 159 28 89 193 111 149 83 191 185 159 119 22 121 76 19 82 14 157 63 140 103 42 86 135 187 61 102 135 130 62 114 106 52 33 157 150 124 41 171 0 122 82 95 47 46 47 105 142 98 140 123 80 166 100 193 171 170 170 132 75 191 151 185 183 157 156 108 17 19 53 185 195 115 60 187 82 198 197 102 134 149 161 197 106 196 8 33 33 113 145 171 13 112 192 190 188 99 10 96 91 86 63 57 176 114 149 140 7 155 109 54 51 181 186 59 119 61 84 126 101 71 76 187 62 60 137 155 120 81 192 45 44 174 188 94 35 83 131 75 31 163 29 199 84 197 163 163 90 44 109 196 105 173 171 5 90 104 96 70 187 187 77 188 185 87 113 12 90 124 94 173 120 20 69 103 59 132 134 134 130 81 163 103 193 154 163 86 37 96 114 120 122 123 84 195 117 17 174 116 53 8 166 197 89 5 5 115 193 105 46 151 22 199 85 49 155 154 16 121 62 68 163 170 172 70 190 93 149 139 15 199 99 73 36 24 124 84 87 197 39 91 86 186 98 188 111 136 35 114 126 57 100 191 98 193 108 4 103 39 124 100 52 113 22 196 97 27 88 68 28 30 32 99 193 96 182 69 64 63 154 128 127 84 60 34 131 25 19 84 143 166 189 191 103 96 55 112 50 101 131 95 197 134 134 174 175 177 58 174 89 187 52 48 100 136 93 171 113 70 80 16 15 122 46 49 180 146 176 197 198 112 116 185 193 113 83 79 119 0 101 82 142 174 194 96 91 90 155 96 192 149 43 183 189 11 16 34 11 113 4 157 24 12 109 150 152 66 134 17 20 18 14 46 46 50 53 91 127 136 181 197 109 109 87 28 163 27 68 62 59 57 19 19 35 96 94 104 136 5 112 11 174 46 80 78 154 80 183 58 95 46 38 16 159 157 64 183 188 87 86 161 62 62 118 96 91 166 12 122 54 56 126 126 92 160 90 149 67 186 82 141 66 62 35 122 116 20 20 25 97 104 83 125 125 58 169 88 73 190 30 155 76 113 160 10 63 101 7 181 115 116 195 85 63 116 106 199 196 83 121 59 36 137 171 171 82 161 35 170 162 143 112 32 49 96 181 181 179 84 56 55 58 131 122 40 177 142 2 89 3 166 121 65 170 81 189 161 94 60 105 161 52 177 180 94 40 96 116 196 169 69 69 180 25 163 185 185 179 44 140 162 161 5 105 131 104 11 11 120 125 44 118 199 107 71 70 68 157 174 82 129 36 92 143 78 188 0 91 14 98 40 90 66 128 177 179 119 51 88 83 163 131 131 190 90 65 64 162 138 133 104 108 19 69 183 86 99 187 51 70 183 191 196 196 116 13 105 54 163 62 112 112 199 57 117 63 60 53 16 83 197 99 129 90 133 65 67 89 108 45 125 63 158 163 187 71 121 25 120 125 62 64 64 93 136 186 189 10 12 49 63 160 20 118 115 134 28 24 41 49 110 1 7 133 138 174 125 55 133 166 140 31 84 187 23 23 174 174 65 64 119 28 24 24 46 124 125 33 36 41 76 147 89 128 69 105 62 140 83 98 42 171 27 23 24 64 70 188 86 120 83 198 126 39 170 167 63 60 18 98 29 34 35 17 7 56 122 55 188 195 113 199 199 174 34 31 156 154 151 151 146 90 186 128 80 150 64 169 39 181 103 176 85 58 111 54 57 121 38 176 107 68 157 119 169 177 126 78 89 43 4 91 76 72 129 185 90 3 4 45 46 91 189 60 3 122 36 49 144 55 196 84 33 92 63 139 113 170 92 169 170 93 198 86 194 116 18 16 190 189 68 161 154 109 78 189 74 100 189 186 76 170 11 171 4 183 53 199 83 191 150 58 126 80 12 112 48 74 101 196 1 139 99 30 160 157 12 11 98 45 90 140 12 170 28 175 36 142 103 52 51 51 113 34 35 199 110 70 49 93 104 98 7 114 115 136 65 156 22 166 95 66 127 15 173 66 142 8 21 122 10 131 119 197 113 193 95 42 44 157 157 192 113 9 120 73 128 113 57 125 155 155 65 131 151 87 122 120 161 64 103 94 172 90 187 76 186 194 74 91 98 74 76 6 118 45 95 63 163 102 150 8 76 56 106 96 170 138 10 5 34 150 160 42 175 182 184 184 119 63 187 58 30 88 77 121 199 80 73 188 82 190 166 70 79 197 193 99 166 65 61 151 23 0 52 119 173 80 123 59 106 99 157 109 131 109 196 74 34 87 196 151 85 121 11 116 194 112 57 186 60 151 51 27 27 176 175 136 90 193 101 46 136 163 87 116 25 187 150 167 170 41 107 196 86 97 138 116 134 53 124 62 65 126 113 73 49 197 112 132 23 142 141 92 137 1 116 117 36 45 70 69 58 88 188 30 140 138 38 64 146 151 194 108 51 16 93 176 171 64 83 106 181 104 5 100 46 92 34 182 40 170 162 155 82 60 109 192 35 164 82 79 191 36 12 116 0 37 84 20 102 178 101 190 81 176 102 130 146 7 5 177 170 115 24 113 4 117 14 62 148 11 11 95 195 114 195 112 172 174 49 121 172 65 160 97 0 31 197 118 60 97 190 80 160 52 97 2 119 1 0 99 1 87 103 57 70 73 99 137 102 193 110 109 129 59 39 37 92 66 182 194 72 121 171 91 128 64 132 11 76 91 175 95 81 104 145 0 95 96 167 142 3 199 88 156 11 103 38 39 39 171 86 31 87 190 190 91 43 118 2 103 58 60 123 84 191 108 196 82 74 129 184 70 66 176 7 113 194 191 188 162 119 80 79 184 57 5 109 109 108 199 157 116 120 123 79 190 65 118 0 4 150 106 151 181 45 174 115 111 108 186 180 162 167 93 134 162 168 95 48 176 190 79 81 157 48 23 158 113 199 116 116 197 89 179 155 98 96 11 41 37 117 109 105 147 78 105 80 197 108 9 150 65 103 192 177 47 41 161 176 34 105 94 197 195 73 194 166 28 120 122 34 162 67 193 134 16 175 182 69 63 121 34 97 185 45 103 139 168 37 35 144 40 23 26 11 10 117 141 141 85 28 45 123 32 189 82 86 185 98 189 97 136 134 80 138 161 76 185 191 196 117 197 20 81 122 124 169 103 8 36 36 171 162 74 106 96 197 93 187 44 46 108 16 185 79 16 35 26 118 114 193 193 97 161 150 16 146 19 11 30 161 15 94 169 81 195 116 147 118 13 120 198 178 42 142 181 149 106 25 91 96 199 198 98 187 16 21 47 98 76 4 134 44 150 152 186 48 117 199 98 48 155 79 151 112 117 3 119 199 196 188 55 199 90 41 121 177 71 186 186 189 85 124 71 140 173 175 177 174 69 132 51 51 1 109 112 193 54 119 12 58 120 4 12 16 115 35 176 15 143 145 118 8 119 150 166 171 31 193 114 11 55 188 56 125 58 142 12 131 103 16 56 108 60 129 169 171 90 166 113 63 81 146 95 123 94 108 8 117 167 36 33 22 118 4 118 85 160 179 140 95 8 42 183 97 148 116 132 101 199 109 78 125 165 65 62 147 80 86 134 134 114 0 49 125 47 41 184 69 170 186 77 179 102 13 115 136 194 115 194 28 97 140 16 142 55 9 88 26 97 76 76 78 24 118 3 37 69 167 26 179 195 82 69 94 21 14 116 175 176 176 156 49 158 104 51 127 171 131 79 144 24 13 81 169 28 140 13 146 194 191 93 124 75 98 49 90 147 170 169 168 168 64 121 17 70 170 18 12 118 31 30 100 123 14 80 109 151 132 131 116 4 122 30 36 37 39 39 35 86 186 155 19 133 91 196 119 84 170 99 186 56 35 145 76 136 55 110 109 28 98 46 44 71 67 142 92 162 164 99 44 119 10 103 82 169 66 46 175 163 166 180 137 140 67 154 146 82 127 190 100 140 99 169 136 136 83 119 85 51 7 93 43 12 41 42 0 108 24 45 6 124 38 33 30 110 27 131 76 127 187 167 79 87 191 163 179 60 150 137 164 19 119 55 181 31 101 3 123 101 49 187 197 117 185 153 65 103 94 151 184 56 120 6 35 35 90 123 78 138 140 193 107 103 30 30 125 104 1 116 77 164 37 46 179 37 116 24 166 154 24 149 15 108 25 124 130 11 121 8 55 61 120 16 23 177 130 73 83 25 5 119 76 149 101 36 4 147 20 111 104 183 106 46 126 82 174 95 117 21 169 121 36 40 88 83 99 16 130 175 178 136 135 129 65 137 42 42 84 122 117 112 52 49 79 122 16 145 186 49 125 60 112 101 190 99 123 51 125 53 193 115 50 41 144 147 58 180 106 160 193 112 59 84 169 116 55 49 199 19 186 79 103 40 11 184 55 93 5 8 169 18 119 181 12 12 96 183 184 104 39 98 197 23 150 95 127 58 97 90 197 85 89 55 87 199 179 96 103 198 30 177 55 107 129 70 194 194 4 23 85 91 194 104 149 98 134 181 154 10 195 74 117 195 82 86 123 47 46 42 117 1 39 168 19 121 121 58 123 35 134 40 63 83 101 51 90 191 138 135 12 110 111 53 72 194 114 117 116 81 81 15 54 136 9 94 142 43 125 148 117 122 31 91 139 185 146 126 62 99 6 49 167 97 197 196 86 197 191 72 50 154 69 181 75 194 109 193 157 156 162 16 131 135 189 84 99 151 8 192 90 154 41 146 105 102 83 34 66 175 151 25 96 152 62 60 142 117 132 81 110 10 163 114 114 199 94 192 134 99 74 191 187 57 163 33 30 89 190 155 177 184 185 175 33 123 147 77 130 101 49 2 136 113 195 85 172 44 95 177 196 198 92 197 42 39 99 49 95 36 166 19 195 101 197 108 66 158 61 54 113 162 65 154 60 60 89 39 90 128 162 159 80 115 112 140 88 130 93 37 90 195 83 51 51 179 41 119 185 194 102 95 128 57 3 98 112 8 152 40 97 41 100 199 58 58 119 153 83 126 89 4 104 60 11 9 6 7 9 12 51 134 179 116 144 199 115 19 122 5 6 113 8 165 34 125 128 77 30 54 125 125 59 101 143 34 103 48 94 45 152 138 91 150 104 60 102 177 67 177 175 71 120 117 24 121 56 178 177 96 77 166 165 175 199 89 95 55 28 49 105 140 105 42 41 37 51 98 157 103 154 47 123 72 187 30 189 157 153 144 142 61 191 196 0 14 114 196 81 11 24 84 195 37 163 162 167 175 90 168 65 4 101 9 119 121 29 157 62 64 153 80 83 130 99 97 199 194 72 70 42 163 19 151 89 121 18 30 136 107 9 24 192 102 105 196 46 176 70 30 137 192 193 104 92 17 119 148 106 43 98 109 192 109 47 102 1 103 21 49 178 51 19 1 84 196 163 96 57 55 23 74 194 108 192 86 36 35 35 49 83 165 63 59 104 32 91 169 11 9 8 161 31 34 100 114 157 65 67 92 1 64 164 163 23 140 1 184 45 11 49 175 168 80 85 39 140 143 107 190 71 162 196 0 150 159 162 93 34 123 76 104 156 32 38 41 104 195 78 50 46 86 26 55 99 198 51 106 7 72 179 99 176 69 65 124 58 113 94 145 57 143 139 19 49 16 41 92 131 138 141 176 95 38 30 30 8 34 34 137 174 66 63 108 87 185 179 179 149 60 42 72 195 27 190 88 83 104 36 36 1 117 196 116 35 28 25 24 85 94 70 124 28 121 90 188 74 67 178 96 125 32 54 116 8 124 96 66 179 177 66 129 181 196 87 107 58 109 198 37 35 109 71 188 154 113 7 112 97 182 73 104 55 50 109 107 28 118 142 142 169 151 189 5 11 122 35 30 30 5 49 94 102 191 0 28 30 154 123 91 105 182 71 70 149 59 6 150 119 57 105 162 102 199 46 30 172 40 16 196 182 30 55 106 93 127 127 8 134 108 71 131 153 62 108 60 121 26 0 4 88 1 0 109 193 41 198 108 90 80 195 115 151 81 16 60 119 11 140 144 105 24 136 133 74 74 187 83 87 80 193 192 97 103 80 174 101 5 131 91 95 23 114 194 84 190 108 192 74 125 123 85 163 151 63 131 89 83 113 195 36 150 89 84 191 37 8 7 117 34 90 28 114 137 19 114 55 108 145 87 195 75 74 104 12 81 101 22 194 73 126 95 2 171 51 76 80 187 170 148 70 70 70 23 4 193 115 198 119 15 17 120 63 122 28 83 193 98 53 108 38 36 85 192 64 155 154
418.063619 meters