file sh-14.jpg
nails 200
imagesize 150
populationsize 100
elite 20
genomesize 2000
mutationcount 0.001000
mutation 0.010000
minchunk 0.200000
maxchunk 0.500000
iterations 10000
stableiterations 10
goodgenerations 100
burst 0.000100
threshold 0.030000
ring_diameter 2000.000000
thread_diameter 0.010000
save_every 1000
history_step 100
---
2000 0.010000 2000.000000  54 97 88 23 194 114 16 87 93 181 0 7 57 87 6 159 196 136 78 0 64 11 140 98 52 171 112 20 157 19 86 22 47 124 93 99 80 2 36 189 103 60 77 1 51 76 29 172 54 21 85 0 36 119 139 40 172 143 159 40 75 121 140 99 184 36 64 17 108 76 92 168 190 23 59 115 199 78 23 161 78 66 41 125 89 176 1 127 24 6 83 120 138 157 133 71 179 72 60 125 85 82 124 191 176 62 122 16 83 136 3 124 74 175 4 139 134 75 54 112 99 29 171 0 191 37 162 104 103 185 62 123 79 183 105 167 27 126 69 131 131 102 192 101 61 111 22 123 167 27 194 179 34 51 30 59 105 4 0 163 169 120 81 131 126 39 18 174 78 135 74 121 77 10 145 72 78 66 121 119 35 191 38 32 107 143 9 148 105 119 68 72 78 12 45 76 31 180 199 159 135 3 0 30 55 59 128 177 31 44 188 99 95 19 113 29 183 27 39 31 28 172 169 185 97 62 197 154 141 106 106 84 58 99 68 129 80 93 20 40 19 165 191 117 177 84 103 199 11 14 63 37 163 143 181 34 98 183 22 114 57 184 147 120 60 102 151 190 80 102 193 105 140 169 171 8 158 10 61 128 26 84 5 56 6 102 46 18 56 121 143 141 115 53 84 41 7 188 189 101 6 69 115 148 179 91 167 150 183 156 17 72 78 11 162 24 167 15 17 193 152 124 58 115 113 55 73 142 104 59 112 60 167 14 189 47 94 177 90 129 174 72 134 9 160 162 23 46 189 104 50 9 119 185 105 56 93 179 100 77 128 123 61 82 12 146 116 68 169 19 187 102 139 106 59 86 132 68 75 0 196 116 182 33 118 63 86 100 15 175 85 56 91 60 101 68 72 41 164 0 195 186 162 182 96 76 99 82 136 152 182 141 167 153 193 33 16 101 177 199 25 30 197 38 14 171 85 23 125 147 170 118 65 16 67 124 24 91 54 106 185 10 73 168 25 175 190 35 125 76 160 20 177 44 24 39 59 123 83 173 199 14 26 174 90 152 184 11 18 187 80 121 25 92 51 103 64 69 132 169 172 84 45 183 95 10 23 115 145 182 1 145 8 187 128 66 103 45 9 5 161 24 20 171 86 94 20 158 80 171 83 165 164 23 159 77 41 45 27 190 59 80 86 15 158 196 165 20 159 19 44 105 58 81 79 122 127 190 123 80 21 89 81 111 110 127 149 182 182 102 25 184 96 28 57 85 4 121 169 158 19 89 175 75 72 149 76 131 110 109 191 50 189 95 98 13 168 175 82 7 198 129 28 41 13 161 166 198 117 24 185 163 195 126 139 88 123 18 43 161 18 3 77 125 2 157 1 29 114 21 109 188 98 98 136 131 66 107 109 107 18 179 92 178 77 148 160 187 45 170 23 161 0 158 1 1 160 22 192 164 79 171 2 56 196 125 131 67 66 14 41 49 73 197 162 22 12 18 2 144 106 184 20 162 21 61 130 185 95 44 92 166 19 25 120 196 20 35 123 144 117 129 72 178 99 150 178 88 179 170 21 160 19 48 88 129 172 30 188 118 2 20 45 70 130 141 97 138 107 19 55 86 17 77 136 10 166 40 56 112 21 34 193 103 141 7 14 156 198 157 22 124 95 60 122 43 125 118 28 22 118 72 143 98 190 39 27 127 122 67 120 68 139 155 7 70 112 74 20 187 31 3 143 168 26 89 121 57 185 181 77 145 173 178 94 73 131 149 172 89 177 160 10 20 8 71 51 164 168 86 83 64 132 97 105 49 75 126 61 104 52 193 121 78 173 178 69 122 29 8 90 52 83 2 140 156 6 43 168 9 167 65 119 198 136 1 155 8 163 20 185 104 111 116 73 103 140 109 105 107 90 173 15 165 199 113 5 15 155 118 27 4 154 102 67 178 32 118 71 170 48 90 79 27 189 190 180 91 124 60 114 166 167 192 120 30 187 154 140 116 116 55 36 187 105 74 151 70 131 83 24 84 98 60 104 195 113 69 78 81 128 69 75 154 134 145 135 94 136 145 126 64 177 13 7 89 91 98 187 59 79 134 88 74 18 92 21 96 139 104 69 83 4 7 37 188 35 51 107 70 42 128 155 178 181 169 22 28 176 29 170 13 158 179 83 28 16 166 146 152 178 172 78 160 12 30 175 162 3 66 168 0 153 113 167 148 65 82 55 1 33 131 71 73 133 4 57 123 43 67 63 91 47 43 96 150 82 172 19 109 55 6 180 93 95 93 46 26 164 149 154 122 80 109 110 111 116 171 12 179 146 67 106 186 141 101 52 29 194 174 156 5 22 91 75 133 30 193 38 90 66 129 147 10 148 0 131 62 116 5 143 141 154 163 2 138 91 10 117 173 85 66 39 4 68 58 118 147 187 97 96 115 63 38 58 9 91 19 121 145 172 31 149 119 145 141 118 133 90 181 94 180 87 5 129 29 77 13 117 61 65 0 7 88 82 126 193 196 174 9 89 137 197 159 13 80 154 179 22 26 122 192 173 27 198 17 3 79 172 7 42 138 88 173 87 160 188 50 88 174 198 106 62 124 42 162 193 111 144 184 31 171 130 152 181 154 2 1 74 199 34 180 90 175 140 100 64 122 191 195 85 27 32 194 74 72 193 67 130 104 186 49 80 0 155 134 159 37 50 46 24 129 81 1 102 142 9 144 71 172 87 0 108 196 167 18 188 104 82 164 38 32 195 134 132 78 26 184 104 103 94 86 26 116 31 182 34 46 82 67 50 79 16 105 95 45 21 113 132 73 8 176 99 26 87 174 76 126 25 91 88 40 51 85 155 71 99 142 164 19 146 120 125 122 128 150 170 154 108 193 197 128 156 3 137 92 89 162 167 176 129 64 124 186 151 140 93 25 44 61 12 105 109 142 173 92 175 170 139 84 164 16 158 149 181 4 55 40 161 133 65 2 28 131 98 14 160 18 70 101 190 97 53 198 89 174 30 152 185 34 3 139 138 90 73 127 25 125 61 31 28 50 102 136 80 162 17 158 191 152 189 185 93 126 59 122 57 110 99 39 121 194 79 157 13 8 3 81 135 47 25 116 0 195 48 47 191 188 0 5 163 82 158 11 15 170 74 169 28 78 127 5 174 92 165 4 130 65 191 78 43 181 12 157 155 78 110 191 104 111 124 72 92 45 27 33 188 131 86 177 164 20 117 66 2 2 159 79 156 7 9 115 174 31 54 92 180 156 192 17 160 192 139 159 11 160 79 71 195 24 163 194 189 24 53 93 23 160 140 184 81 162 16 169 60 126 40 72 78 147 66 94 63 101 90 178 84 60 127 80 132 108 142 122 119 57 5 68 151 146 153 176 32 56 62 37 193 100 104 63 110 14 64 168 23 163 145 143 147 168 103 3 39 160 197 133 68 104 5 122 58 61 38 31 29 189 198 37 135 135 87 130 147 182 176 21 81 157 155 151 161 180 33 56 108 140 157 5 93 68 41 50 100 191 195 160 183 141 95 92 9 161 10 39 197 115 161 21 181 153 160 170 69 92 16 197 117 139 135 96 64 176 98 141 174 112 139 133 79 129 83 178 181 172 88 127 91 139 15 102 143 169 9 33 186 115 130 71 125 58 91 36 199 62 104 42 64 59 108 101 42 62 68 171 28 10 93 137 159 22 101 95 171 22 165 117 23 44 59 121 62 50 32 183 92 182 56 122 148 190 197 183 103 138 111 72 9 40 8 35 11 75 169 29 188 153 180 8 119 70 173 162 35 184 198 131 153 81 185 33 192 108 66 114 65 131 122 128 65 3 106 41 161 147 173 26 192 77 62 76 119 120 79 68 37 194 166 25 165 155 157 15 95 179 43 98 186 47 20 114 198 116 22 79 130 82 30 123 64 91 176 93 61 107 59 6 188 11 118 97 174 86 49 88 55 57 125 173 155 165 37 195 17 163 169 0 119 173 170 195 153 189 128 40 25 178 152 143 117 181 78 124 149 12 87 139 7 161 168 1 35 183 145 116 21 158 4 67 187 32 133 100 74 159 14 121 148 13 100 186 34 77 154 192 36 18 109 10 173 12 157 155 186 21 115 129 63 127 89 53 76 12 96 55 34 43 15 120 75 81 19 189 108 58 71 7 170 31 22 175 154 194 4 189 18 157 14 187 107 195 3 134 74 130 63 125 199 32 53 80 67 112 119 64 73 122 138 85 66 132 4 14 76 169 24 42 6 36 198 38 31 47 76 193 13 67 172 145 168 94 139 195 19 122 63 69 168 11 94 186 19 185 35 186 173 86 43 131 159 88 199 52 137 113 196 75 51 31 77 87 125 128 140 124 146 130 195 70 154 149 165 26 41 197 74 122 65 121 118 54 182 35 45 50 54 100 23 90 25 180 96 69 72 157 21 163 39 159 133 70 100 139 131 146 52 57 106 192 110 141 73 176 166 153 174 144 166 28 114 146 170 78 81 179 103 17 18 159 161 76 132 177 28 178 100 62 129 148 177
2438.892364 meters