file sh-102.jpg
nails 200
imagesize 150
populationsize 100
elite 20
genomesize 2000
mutationcount 0.001000
mutation 0.010000
minchunk 0.200000
maxchunk 0.500000
iterations 10000
stableiterations 10
goodgenerations 100
burst 0.000100
threshold 0.030000
ring_diameter 2000.000000
thread_diameter 0.010000
save_every 1000
history_step 100
---
2000 0.010000 2000.000000  2 153 69 128 7 17 173 184 6 88 133 164 16 169 65 86 138 72 51 128 80 122 4 156 195 0 13 150 10 168 173 1 187 37 37 57 187 136 185 105 147 140 86 11 199 57 114 148 170 62 165 167 142 3 137 71 151 160 172 128 1 146 166 80 173 190 136 89 87 141 186 95 177 115 27 56 121 2 6 78 179 95 18 146 79 199 32 134 69 194 4 177 38 76 120 5 161 168 188 51 129 170 82 181 98 147 197 113 190 141 140 84 9 37 33 57 123 58 160 72 84 28 188 54 50 107 145 14 5 143 77 45 67 8 83 139 118 93 121 57 132 76 170 14 166 50 187 76 64 119 10 155 87 87 87 81 29 191 65 171 102 159 171 78 57 186 99 157 15 86 58 187 14 189 143 91 43 149 7 123 5 66 184 102 65 51 186 158 175 47 119 25 178 71 120 56 183 101 41 66 152 101 189 26 7 38 110 198 72 15 69 78 28 4 144 184 101 45 51 126 7 84 40 36 55 118 0 86 41 60 125 48 12 146 191 22 47 158 185 104 48 90 14 149 187 56 137 33 9 165 194 108 137 172 157 127 63 69 127 84 169 64 122 12 50 114 74 25 169 198 138 175 139 141 11 171 14 162 129 126 166 71 130 64 53 21 168 20 173 195 70 36 68 73 99 99 140 187 100 67 11 41 105 115 53 30 44 39 146 185 184 56 113 196 12 153 174 53 116 52 52 172 26 186 21 180 198 62 145 143 1 74 132 176 92 5 189 185 51 172 28 64 128 131 8 161 32 50 54 119 92 45 81 136 191 27 51 37 8 39 39 76 83 176 93 145 13 19 193 61 2 141 75 135 178 172 21 100 132 108 195 0 69 178 19 40 40 147 112 18 49 109 199 125 63 84 14 179 83 80 124 70 178 43 99 68 80 9 25 191 114 64 179 55 115 77 139 92 167 78 72 69 131 169 22 171 195 191 72 54 111 111 149 18 71 126 70 196 11 149 181 26 4 23 165 14 183 123 167 133 123 173 178 181 7 80 96 180 70 61 166 60 162 138 89 14 175 144 110 52 132 168 0 7 41 74 138 190 66 68 134 106 132 178 175 30 127 58 59 60 193 175 182 96 113 50 112 197 188 7 172 178 20 181 179 7 37 73 42 18 151 192 105 109 148 121 5 62 108 186 104 126 159 109 153 4 183 183 148 13 87 49 167 21 15 90 73 115 43 27 27 123 160 89 35 3 117 10 181 21 157 8 34 66 94 94 45 50 125 79 2 34 42 162 154 12 147 163 46 157 136 78 133 136 177 74 0 75 22 19 89 3 87 85 41 34 86 183 193 143 35 72 155 5 23 184 20 111 19 151 12 164 0 196 164 22 25 194 28 2 75 155 105 40 162 16 147 11 176 68 129 189 59 58 46 21 171 52 163 192 144 2 115 128 57 196 18 192 61 60 56 133 132 79 166 186 101 39 11 160 1 118 24 197 121 58 28 168 23 199 22 116 42 4 174 51 27 195 119 196 146 195 58 137 96 96 77 133 72 129 129 155 134 92 142 144 190 190 105 195 106 53 56 182 172 64 38 174 145 199 13 156 15 38 72 69 68 174 199 20 155 172 177 44 25 22 172 88 44 97 72 182 19 152 17 48 106 38 5 89 43 66 131 73 66 82 167 22 101 23 10 149 1 114 80 192 26 55 120 115 180 81 44 46 119 119 57 134 181 100 182 117 152 176 109 178 17 175 132 85 84 114 55 57 189 58 39 9 176 6 87 138 135 88 88 5 166 128 122 128 52 131 162 134 72 78 84 134 55 24 164 63 43 45 41 83 83 198 108 187 139 85 125 140 90 170 48 96 178 75 70 177 27 25 194 141 116 0 111 119 150 167 137 76 100 191 13 188 164 1 169 8 127 94 97 67 103 145 143 95 131 122 136 74 184 114 178 121 158 72 34 158 8 146 148 14 35 141 96 133 124 46 5 141 102 44 61 197 143 85 142 121 27 25 0 195 20 25 177 54 135 61 6 150 19 72 136 128 62 123 3 85 127 140 104 43 16 161 108 191 106 42 24 73 133 67 182 102 192 145 149 165 118 76 169 140 190 139 192 15 147 107 49 16 179 47 98 98 98 183 151 152 199 113 0 87 116 183 24 24 105 109 189 20 98 162 163 38 154 121 169 196 139 155 95 129 52 115 152 18 158 93 167 125 16 66 89 92 10 4 142 34 13 19 71 197 1 117 82 42 100 45 199 157 123 151 110 127 158 116 136 184 183 102 49 103 184 170 63 36 165 33 138 106 106 129 118 56 56 194 111 51 107 196 122 161 39 67 135 194 104 175 23 170 143 36 153 186 16 159 11 165 115 1 139 74 2 142 182 159 14 155 102 22 158 135 188 181 175 141 89 121 144 63 197 17 148 130 117 58 79 193 102 101 101 81 167 62 40 56 116 179 131 76 139 103 104 47 19 167 12 43 154 174 89 81 78 49 26 122 66 69 69 7 141 86 10 35 5 78 190 53 113 168 94 179 160 0 144 150 120 119 54 174 14 6 140 158 153 93 16 91 146 193 168 18 150 134 96 153 17 199 116 93 132 165 123 59 122 60 120 196 197 72 164 62 46 24 44 90 133 134 98 143 159 33 68 19 97 137 90 7 21 155 92 69 71 70 152 160 118 146 115 61 126 75 197 184 94 67 4 93 95 147 188 100 153 198 24 185 96 145 147 109 131 124 29 50 170 131 173 133 69 97 181 54 116 55 198 163 127 191 105 36 188 109 80 63 119 161 126 172 67 132 131 51 113 115 3 81 5 7 3 23 179 72 69 96 142 157 11 88 88 130 23 166 20 186 181 139 137 104 40 166 178 181 156 119 55 196 73 75 140 195 111 57 193 109 112 113 50 46 29 16 68 154 17 5 125 69 193 55 22 161 19 48 99 8 91 68 110 195 24 13 163 61 77 77 76 65 168 92 82 195 26 52 169 130 55 50 111 99 182 15 52 111 126 85 9 127 150 37 161 89 67 173 12 19 37 12 176 137 71 157 47 35 191 139 195 60 51 106 97 127 108 25 3 179 41 17 159 86 86 2 163 65 131 187 154 154 1 77 4 121 117 117 119 164 144 39 126 49 66 176 103 190 104 49 15 165 60 88 154 22 19 172 142 190 100 68 68 132 154 109 27 22 103 185 23 74 64 56 138 2 176 29 33 199 180 22 12 88 142 130 79 44 23 43 41 6 124 152 103 120 185 187 26 192 108 158 124 27 105 100 141 60 191 187 18 164 48 157 94 141 82 128 59 192 134 71 42 43 83 140 152 107 103 182 84 199 76 3 20 188 0 142 185 1 36 74 185 21 177 93 142 151 177 180 55 73 199 186 52 31 28 8 193 26 1 16 155 8 177 172 66 58 198 112 114 45 176 149 16 28 22 163 91 176 21 113 52 22 28 190 145 9 93 91 15 152 5 9 2 88 85 30 172 15 40 70 179 199 111 197 149 152 9 117 157 195 0 148 124 98 50 110 175 115 159 112 53 33 140 88 70 39 168 5 151 67 40 108 189 100 180 42 80 160 23 115 150 180 191 62 126 164 174 27 44 52 50 54 44 15 148 99 154 9 173 89 144 9 22 166 94 136 91 91 46 51 114 193 162 23 52 114 197 139 32 180 136 173 51 132 125 95 130 51 112 89 115 192 103 189 77 76 96 177 199 54 118 186 134 153 18 17 91 41 25 104 145 173 25 59 159 90 145 35 41 153 68 177 113 144 99 180 98 187 107 195 160 91 174 163 41 83 159 120 24 161 148 8 178 134 67 67 93 179 112 56 185 132 69 121 61 165 21 162 39 87 11 146 110 43 20 38 71 136 161 49 128 70 131 133 181 25 6 151 98 126 198 85 39 176 181 101 183 73 193 22 160 138 191 79 171 172 178 97 184 165 42 174 9 62 120 133 53 148 185 57 22 183 172 178 26 169 85 156 9 40 100 157 131 53 176 117 155 45 119 153 160 38 36 4 20 99 11 45 50 102 127 164 137 23 119 181 11 18 147 89 13 88 171 24 174 192 128 175 21 72 181 143 107 140 34 60 143 12 157 130 66 93 17 171 54 134 6 10 25 106 154 11 118 65 135 174 17 161 133 68 75 138 184 185 140 124 163 20 196 107 48 35 45 71 180 146 7 163 128 122 188 59 64 170 18 185 137 72 135 192 173 198 26 78 0 140 179 24 182 137 170 78 71 159 45 3 120 109 50 45 19 154 182 138 177 130 65 66 49 159 129 81 41 194 138 70 59 124 86 56 198 156 2 35 26 171 28 32 138 162 165 59 190 175 93 43 70 157 118 125 59 50 47 118 60 81 143 2 118 194 13 108 116 117 149 151 117 53 194 31 1 61 169 146 183 138 78 131 71 194 143 199 169 19 171 13 30 3 63 196 29 55 28 122 198 73 85 85 171 87 137 79 94 39 31 59 193 5 173 147 10 144 168 11 65 35 71 193 140 189 18 173 10 90 129 31 83 7 156
2469.217010 meters